1000
7 15 235
16 32 299
35 37 287
36 69 29
56 86 227
74 114 74
86 104 132
87 91 234
97 115 92
108 109 131
137 183 244
167 191 221
190 216 54
198 226 151
226 252 55
230 269 176
247 260 239
273 274 59
277 294 94
277 324 158
297 302 55
322 325 230
346 357 286
351 384 88
372 376 22
395 409 219
416 431 128
437 458 84
449 459 91
464 474 121
482 513 275
498 538 34
500 540 281
515 536 183
533 543 58
557 592 228
581 628 219
595 609 280
614 625 255
629 654 63
638 650 217
640 685 187
668 717 286
673 691 117
686 734 259
715 757 97
724 737 276
738 759 52
750 799 184
765 812 103
781 790 51
808 848 288
834 872 68
838 867 65
868 917 113
897 932 297
910 960 18
936 959 234
937 959 25
945 986 281
946 974 281
974 978 183
975 998 246
997 1025 136
998 1008 103
1019 1024 98
1020 1027 164
1021 1029 98
1039 1048 153
1052 1099 17
1063 1087 140
1081 1126 245
1105 1138 185
1113 1163 300
1137 1139 292
1166 1173 12
1192 1223 28
1204 1225 165
1222 1261 300
1249 1280 124
1266 1280 235
1270 1282 248
1281 1282 76
1285 1310 300
1287 1333 231
1295 1325 22
1295 1332 299
1297 1328 59
1322 1326 258
1347 1353 168
1369 1397 138
1386 1414 90
1389 1396 192
1401 1438 52
1410 1447 126
1421 1430 6
1437 1453 49
1442 1481 43
1456 1495 145
1486 1493 171
1491 1541 107
1521 1545 7
1524 1525 244
1542 1545 290
1566 1593 263
1593 1615 258
1622 1636 67
1636 1673 256
1636 1685 28
1666 1668 263
1677 1696 210
1685 1689 256
1696 1698 26
1707 1715 238
1737 1747 274
1767 1770 176
1777 1816 216
1807 1853 66
1831 1874 33
1848 1883 278
1866 1874 135
1869 1906 151
1891 1919 165
1920 1932 92
1947 1965 156
1962 1979 107
1984 1998 8
2006 2022 127
2010 2055 59
2038 2084 101
2042 2071 175
2047 2093 140
2072 2117 115
2077 2081 33
2101 2148 109
2108 2118 45
2115 2147 148
2121 2140 126
2128 2168 67
2130 2154 19
2142 2144 83
2147 2156 24
2154 2159 291
2179 2199 87
2191 2220 237
2214 2261 126
2235 2282 288
2260 2285 233
2280 2315 85
2289 2317 149
2316 2335 204
2322 2359 138
2340 2356 88
2350 2364 235
2361 2375 156
2385 2398 275
2415 2422 270
2440 2463 123
2446 2495 225
2452 2492 134
2454 2497 136
2462 2507 274
2479 2509 271
2498 2501 159
2501 2547 43
2516 2536 92
2546 2594 106
2550 2585 120
2562 2587 3
2592 2609 4
2601 2645 112
2622 2631 55
2651 2685 90
2680 2692 206
2685 2719 155
2708 2735 274
2717 2740 79
2745 2759 75
2755 2762 217
2784 2821 45
2798 2832 177
2821 2832 281
2835 2845 170
2837 2873 72
2844 2867 127
2865 2887 180
2876 2899 291
2906 2926 93
2913 2935 283
2931 2973 34
2934 2963 291
2952 2988 275
2961 2975 15
2978 3027 153
2988 2989 200
2995 3036 245
3020 3051 78
3023 3049 7
3039 3057 292
3046 3095 58
3062 3087 220
3080 3129 219
3108 3118 212
3121 3138 40
3141 3164 245
3145 3155 49
3175 3208 255
3197 3243 159
3215 3234 213
3225 3249 282
3254 3270 119
3265 3305 218
3276 3301 11
3298 3325 12
3322 3342 247
3340 3386 66
3368 3384 191
3383 3414 142
3402 3423 296
3408 3419 67
3414 3445 9
3433 3440 139
3434 3437 81
3458 3496 192
3477 3508 84
3497 3534 221
3508 3554 57
3520 3552 97
3520 3531 162
3537 3566 256
3557 3563 169
3561 3609 22
3569 3598 32
3579 3585 245
3605 3614 8
3624 3625 266
3636 3659 67
3658 3679 24
3666 3700 224
3685 3691 75
3687 3725 294
3698 3708 21
3705 3747 30
3723 3762 62
3739 3768 262
3764 3766 30
3771 3808 194
3778 3788 212
3795 3817 144
3812 3853 57
3817 3824 37
3838 3883 208
3853 3854 2
3861 3904 103
3874 3884 274
3891 3927 4
3905 3932 15
3927 3974 13
3937 3985 206
3967 3989 46
3988 4017 258
4002 4047 111
4019 4023 263
4029 4066 181
4034 4064 153
4058 4103 112
4061 4089 92
4075 4121 247
4084 4097 184
4096 4133 199
4097 4124 244
4127 4129 68
4154 4204 117
4184 4187 281
4202 4207 142
4213 4242 251
4217 4251 252
4245 4284 179
4259 4281 153
4272 4275 38
4276 4316 193
4283 4325 148
4297 4314 87
4313 4355 149
4316 4337 279
4345 4391 54
4349 4374 33
4372 4421 158
4394 4429 88
4394 4439 206
4420 4466 96
4420 4443 285
4429 4463 178
4435 4467 239
4455 4481 242
4485 4535 256
4496 4518 282
4513 4519 184
4524 4557 246
4552 4554 205
4571 4576 202
4589 4610 116
4603 4621 266
4612 4620 240
4629 4634 247
4657 4700 166
4673 4685 194
4681 4689 67
4696 4706 266
4720 4745 210
4740 4753 218
4749 4752 15
4765 4806 298
4771 4811 123
4779 4812 49
4779 4780 129
4793 4808 297
4807 4812 190
4822 4855 108
4828 4867 40
4830 4869 260
4845 4870 125
4868 4898 289
4879 4895 18
4881 4912 16
4897 4905 196
4911 4914 282
4919 4925 122
4923 4954 280
4940 4943 117
4948 4990 35
4951 4954 216
4959 5002 33
4977 5012 140
4989 5019 3
4991 5031 236
4999 5001 244
5005 5006 193
5015 5056 219
5031 5051 179
5042 5084 178
5051 5099 289
5070 5086 128
5100 5125 16
5104 5114 209
5133 5155 268
5150 5188 22
5159 5207 284
5163 5183 127
5180 5215 166
5209 5236 37
5235 5240 282
5253 5296 222
5275 5306 264
5290 5292 210
5299 5343 300
5304 5328 258
5309 5318 14
5312 5314 297
5314 5324 105
5337 5346 157
5361 5364 296
5363 5366 118
5376 5420 165
5386 5415 113
5393 5441 28
5422 5431 16
5437 5485 52
5459 5491 181
5472 5501 161
5478 5497 255
5501 5536 172
5521 5557 233
5535 5569 97
5548 5578 116
5549 5580 68
5563 5571 65
5566 5600 196
5592 5624 40
5616 5664 295
5621 5646 261
5643 5676 104
5654 5698 178
5667 5679 64
5689 5711 114
5696 5736 126
5713 5743 143
5727 5758 159
5753 5784 231
5779 5821 106
5794 5798 83
5807 5847 6
5818 5820 55
5819 5852 184
5840 5842 178
5866 5873 61
5888 5919 112
5905 5936 130
5912 5949 77
5941 5953 115
5941 5964 28
5961 5979 89
5989 6032 108
6006 6030 181
6009 6020 296
6038 6064 84
6043 6053 191
6043 6068 240
6060 6064 221
6073 6109 57
6088 6108 88
6098 6114 97
6111 6137 200
6118 6168 199
6136 6167 289
6143 6147 67
6150 6197 71
6169 6218 20
6172 6202 128
6173 6185 39
6187 6217 119
6208 6226 62
6214 6260 40
6233 6246 32
6242 6264 104
6242 6284 35
6243 6267 265
6248 6281 76
6267 6315 171
6294 6323 113
6303 6310 20
6331 6358 282
6338 6366 254
6338 6339 159
6353 6368 234
6364 6384 108
6373 6397 245
6378 6416 16
6408 6409 165
6418 6441 72
6441 6450 248
6470 6490 246
6477 6518 139
6480 6489 69
6491 6514 167
6510 6534 260
6510 6545 33
6533 6535 162
6561 6600 292
6561 6577 173
6591 6629 203
6610 6655 110
6626 6671 146
6641 6660 211
6666 6680 75
6672 6683 32
6677 6686 77
6693 6711 46
6707 6728 193
6724 6771 129
6726 6770 278
6746 6766 257
6764 6803 297
6769 6772 116
6798 6841 113
6813 6823 215
6828 6846 204
6834 6867 227
6864 6874 246
6893 6910 64
6904 6907 234
6922 6941 15
6949 6955 197
6974 6989 186
6989 7017 237
7000 7014 241
7005 7028 45
7022 7051 84
7051 7089 266
7063 7067 214
7086 7096 276
7109 7131 134
7120 7149 127
7141 7160 22
7145 7194 146
7167 7169 290
7179 7214 293
7189 7191 296
7206 7222 258
7235 7263 151
7256 7295 72
7257 7258 250
7261 7263 281
7279 7325 66
7299 7304 259
7300 7350 191
7304 7329 70
7318 7336 163
7323 7344 239
7332 7347 194
7347 7360 89
7368 7412 155
7380 7411 43
7384 7420 14
7385 7411 73
7389 7410 106
7417 7421 260
7434 7455 82
7439 7466 224
7445 7464 103
7452 7458 3
7453 7494 217
7478 7505 288
7483 7508 262
7502 7510 41
7514 7549 93
7518 7559 10
7539 7571 152
7541 7559 259
7570 7597 100
7575 7582 218
7589 7598 20
7611 7623 107
7614 7656 180
7625 7642 124
7637 7654 281
7644 7683 38
7670 7681 88
7698 7703 245
7722 7729 15
7745 7760 207
7773 7803 238
7779 7797 73
7779 7811 205
7790 7822 130
7806 7829 210
7816 7817 41
7832 7846 116
7858 7893 55
7868 7909 228
7879 7889 91
7880 7929 189
7888 7919 194
7893 7908 73
7901 7911 296
7914 7954 115
7915 7926 48
7922 7953 18
7923 7937 109
7940 7973 182
7965 7968 37
7989 8018 38
8012 8051 40
8040 8053 84
8067 8086 158
8071 8076 130
8084 8109 168
8093 8100 107
8103 8114 44
8133 8181 17
8144 8151 49
8158 8203 62
8162 8188 13
8163 8183 165
8179 8209 161
8192 8214 195
8216 8236 242
8244 8278 179
8269 8303 273
8298 8317 37
8320 8367 229
8346 8375 19
8351 8381 163
8378 8390 202
8404 8443 227
8430 8463 188
8446 8469 195
8449 8470 9
8472 8489 190
8502 8548 4
8520 8536 230
8535 8571 100
8536 8584 15
8540 8569 283
8561 8578 246
8587 8622 36
8589 8630 169
8602 8643 76
8606 8617 201
8612 8649 77
8634 8672 185
8640 8650 181
8662 8689 277
8663 8694 83
8693 8722 203
8709 8747 115
8721 8748 112
8749 8784 159
8766 8807 133
8781 8817 49
8797 8807 135
8809 8852 170
8829 8874 289
8836 8878 221
8844 8878 61
8864 8908 250
8867 8893 193
8875 8891 68
8899 8921 170
8916 8963 70
8923 8926 260
8952 8995 53
8980 9002 140
8987 9018 181
9006 9054 186
9016 9056 166
9032 9070 284
9058 9063 135
9086 9120 143
9092 9110 187
9092 9109 226
9099 9123 239
9114 9149 12
9118 9156 145
9146 9155 106
9171 9198 228
9176 9212 172
9189 9197 22
9218 9240 45
9226 9240 184
9255 9296 13
9258 9305 146
9287 9312 133
9291 9313 285
9312 9359 170
9340 9357 249
9360 9398 103
9379 9413 214
9409 9419 209
9424 9434 138
9454 9477 66
9454 9470 213
9475 9486 116
9498 9501 103
9528 9542 2
9531 9532 29
9533 9535 141
9559 9576 42
9580 9629 104
9596 9633 94
9613 9621 211
9613 9646 7
9639 9686 208
9655 9702 256
9655 9678 68
9667 9701 73
9690 9736 294
9693 9723 124
9723 9764 80
9737 9755 279
9746 9782 154
9754 9779 206
9777 9790 203
9797 9826 236
9812 9831 56
9839 9865 217
9844 9847 290
9859 9886 207
9869 9906 112
9899 9936 218
9904 9905 107
9921 9971 256
9934 9952 241
9939 9945 247
9949 9968 278
9971 10003 72
9995 10011 33
10019 10062 63
10024 10031 116
10054 10084 253
10067 10084 83
10092 10099 13
10118 10158 141
10142 10176 8
10144 10147 257
10170 10217 250
10197 10233 49
10204 10212 190
10220 10226 127
10232 10270 113
10233 10252 60
10235 10259 202
10241 10256 217
10257 10280 184
10275 10284 53
10279 10328 130
10300 10314 249
10313 10357 159
10329 10357 56
10341 10390 288
10351 10393 241
10368 10409 155
10389 10401 225
10392 10434 124
10419 10464 225
10420 10437 286
10441 10467 84
10458 10501 131
10460 10502 235
10471 10472 250
10491 10499 52
10507 10513 281
10522 10552 293
10523 10556 104
10550 10563 280
10558 10592 266
10568 10573 256
10595 10630 123
10618 10639 214
10645 10650 66
10658 10708 267
10671 10693 274
10672 10711 84
10693 10737 243
10716 10743 271
10721 10753 131
10724 10755 82
10726 10739 166
10741 10790 233
10769 10801 143
10779 10828 237
10805 10843 224
10818 10868 233
10829 10833 86
10845 10859 34
10868 10895 243
10874 10901 277
10885 10901 233
10890 10936 20
10909 10943 284
10933 10962 272
10957 10984 124
10971 10976 50
10981 10997 172
10989 10990 147
11017 11053 91
11039 11069 272
11060 11075 214
11063 11072 283
11063 11097 115
11087 11124 112
11094 11125 24
11115 11136 179
11145 11183 248
11163 11178 229
11175 11185 297
11198 11216 214
11226 11248 202
11248 11271 118
11277 11309 9
11291 11300 114
11304 11348 181
11307 11348 99
11316 11331 223
11345 11359 251
11367 11373 267
11375 11388 167
11382 11393 164
11403 11442 248
11416 11429 146
11429 11442 277
11458 11480 119
11481 11482 276
11489 11537 176
11514 11523 93
11540 11584 163
11560 11581 288
11579 11590 237
11607 11622 181
11619 11640 10
11647 11668 94
11675 11692 111
11698 11714 135
11720 11743 265
11734 11743 289
11750 11754 7
11764 11781 128
11774 11781 81
11795 11807 266
11799 11800 147
11818 11843 45
11829 11831 236
11841 11890 80
11865 11901 21
11890 11933 125
11918 11938 149
11933 11960 59
11961 11986 5
11977 11991 257
12001 12046 2
12011 12050 162
12035 12054 83
12055 12082 125
12068 12082 267
12076 12112 80
12088 12126 191
12095 12109 240
12119 12167 160
12129 12150 134
12130 12164 242
12141 12185 236
12168 12181 45
12184 12204 262
12206 12229 81
12216 12226 218
12245 12264 43
12246 12272 121
12276 12302 127
12297 12317 211
12303 12334 69
12324 12356 128
12338 12356 249
12353 12371 27
12381 12426 176
12383 12408 236
12387 12389 190
12404 12421 37
12404 12421 291
12420 12449 37
12430 12470 181
12430 12445 217
12444 12472 199
12469 12471 181
12477 12527 142
12481 12521 11
12484 12528 264
12501 12527 245
12530 12577 111
12536 12561 29
12558 12606 14
12567 12588 52
12594 12620 164
12605 12619 135
12614 12639 291
12614 12633 247
12635 12649 161
12661 12704 246
12691 12734 206
12704 12754 26
12711 12736 128
12734 12752 220
12753 12781 247
12757 12759 12
12765 12795 215
12767 12812 298
12775 12808 56
12784 12818 14
12786 12835 195
12812 12829 300
12825 12862 284
12840 12856 273
12849 12891 212
12861 12869 138
12875 12912 58
12895 12945 109
12920 12935 112
12946 12950 69
12970 12975 62
12974 12997 120
12998 13001 44
13022 13034 30
13032 13078 136
13044 13075 235
13055 13080 63
13080 13128 5
13101 13133 136
13124 13148 147
13141 13174 41
13153 13170 104
13170 13214 32
13170 13213 236
13183 13226 263
13200 13206 28
13230 13252 49
13240 13270 269
13246 13251 155
13255 13264 199
13276 13314 88
13280 13313 24
13291 13333 123
13310 13327 228
13312 13316 215
13319 13364 295
13330 13339 236
13349 13365 257
13360 13384 65
13385 13413 77
13410 13458 200
13413 13452 103
13439 13484 221
13445 13458 86
13468 13475 75
13468 13484 14
13491 13525 85
13515 13531 23
13529 13569 238
13542 13569 284
13572 13581 270
13576 13616 294
13602 13644 17
13603 13604 35
13608 13615 140
13616 13623 245
13631 13666 67
13641 13669 114
13664 13673 291
13680 13703 216
13688 13731 99
13709 13715 124
13712 13719 254
13738 13743 206
13745 13781 12
13754 13757 230
13765 13804 128
13784 13798 12
13804 13836 180
13819 13835 9
13828 13862 67
13858 13860 230
13887 13908 194
13894 13944 11
13906 13937 287
13916 13965 121
13933 13942 181
13934 13938 208
13964 14008 71
13988 14006 190
14008 14040 148
14012 14061 249
14014 14053 102
14032 14056 244
14038 14078 96
14042 14066 171
14064 14092 122
14086 14098 73
14086 14102 115
14111 14160 142
14116 14156 199
14127 14176 89
14139 14158 42
14143 14153 205
14171 14207 56
14197 14218 197
14206 14236 197
14214 14215 278
14243 14252 234
14246 14269 121
14265 14282 51
14283 14289 212
14294 14328 128
14297 14345 150
14318 14346 20
14328 14362 123
14341 14378 6
14358 14401 176
14377 14424 260
14395 14405 196
14408 14412 219
14421 14460 68
14425 14461 256
14451 14494 272
14479 14500 184
14491 14507 160
14499 14522 181
14505 14542 184
14513 14515 71
14517 14566 36
14520 14557 227
14549 14596 290
14572 14583 265
14601 14603 98
14611 14643 166
14617 14633 38
14619 14650 81
14648 14652 258
14672 14711 213
14677 14685 242
14680 14720 218
14684 14713 176
14692 14717 173
14706 14751 42
14730 14780 5
14747 14772 204
14777 14780 187
14798 14815 284
14817 14818 217
14840 14857 72
14856 14893 46
14870 14875 158
14891 14928 208
