1000
21 68 180
45 48 230
57 67 264
85 131 43
101 105 143
112 118 70
114 136 219
121 166 193
124 148 285
138 180 181
162 211 210
164 206 103
166 193 199
175 207 105
183 223 136
201 246 275
202 236 1
202 230 44
220 239 261
245 250 196
263 264 273
292 317 80
308 340 161
317 346 11
324 338 83
347 393 298
374 398 61
374 383 214
402 451 271
424 445 161
441 479 140
470 496 168
492 540 185
521 565 217
550 595 189
565 601 289
588 612 100
590 628 246
597 634 275
604 626 45
611 615 50
618 654 225
628 650 209
646 656 88
653 665 203
678 721 76
705 719 201
713 749 284
713 763 241
718 764 15
742 782 112
748 787 116
754 786 217
776 822 116
786 823 238
789 819 232
805 813 251
811 829 26
832 870 215
846 857 227
865 904 166
891 898 240
906 937 204
918 933 62
922 960 258
934 983 211
945 959 166
958 981 81
981 1001 218
990 991 96
1006 1012 34
1023 1030 118
1033 1081 25
1044 1079 5
1053 1071 41
1072 1083 40
1100 1128 294
1116 1119 24
1138 1178 188
1158 1194 197
1187 1196 239
1205 1229 52
1213 1249 242
1221 1229 1
1225 1234 278
1250 1289 253
1250 1287 134
1268 1297 111
1297 1342 112
1319 1329 64
1320 1354 94
1335 1377 169
1343 1352 133
1357 1375 294
1369 1373 20
1394 1410 238
1421 1454 119
1436 1467 168
1442 1446 269
1469 1493 25
1497 1546 274
1524 1525 234
1544 1594 48
1558 1560 187
1561 1600 253
1589 1638 75
1596 1621 106
1605 1623 241
1612 1619 174
1616 1630 18
1638 1688 68
1650 1699 84
1670 1714 101
1675 1707 205
1698 1708 100
1702 1741 8
1713 1763 67
1721 1728 246
1728 1747 263
1734 1737 206
1737 1749 222
1739 1760 138
1758 1767 108
1778 1792 111
1793 1799 277
1821 1837 92
1823 1837 50
1823 1863 221
1845 1858 291
1871 1904 262
1874 1901 3
1888 1926 81
1904 1931 200
1919 1930 134
1934 1935 30
1961 1968 64
1987 2009 223
1988 2003 214
2006 2038 271
2025 2061 251
2033 2059 255
2034 2050 58
2051 2060 284
2065 2079 106
2069 2096 66
2089 2098 190
2093 2099 197
2103 2110 235
2125 2145 294
2131 2147 191
2146 2150 279
2170 2213 274
2191 2207 52
2198 2242 294
2220 2235 233
2224 2270 144
2242 2273 184
2261 2264 208
2278 2316 18
2301 2307 281
2329 2370 151
2346 2388 192
2359 2360 86
2378 2397 157
2388 2392 235
2396 2407 140
2417 2457 228
2419 2438 80
2438 2450 78
2463 2472 31
2473 2521 248
2498 2511 63
2524 2566 180
2529 2533 250
2534 2550 126
2545 2552 221
2574 2606 116
2578 2604 215
2585 2590 284
2613 2638 75
2629 2679 129
2649 2661 259
2664 2690 81
2692 2697 245
2716 2717 5
2736 2756 89
2752 2777 211
2755 2795 127
2757 2795 54
2762 2802 257
2780 2812 119
2803 2841 197
2825 2847 63
2825 2829 26
2826 2828 256
2834 2871 42
2853 2879 148
2863 2875 22
2883 2922 260
2906 2926 55
2922 2933 156
2922 2936 120
2946 2969 85
2967 2970 271
2986 2999 95
2993 3025 18
2997 2998 238
3021 3033 15
3049 3050 176
3070 3089 36
3073 3104 291
3084 3120 34
3104 3148 246
3123 3130 5
3140 3157 91
3168 3177 196
3178 3218 136
3184 3217 97
3186 3232 265
3215 3243 244
3227 3247 53
3227 3270 117
3249 3284 65
3249 3283 65
3258 3267 177
3259 3260 30
3259 3271 185
3286 3296 221
3299 3317 7
3320 3365 129
3339 3380 31
3361 3399 88
3382 3410 169
3397 3423 197
3404 3442 167
3417 3465 216
3434 3481 123
3463 3469 202
3463 3501 117
3485 3510 73
3500 3548 161
3503 3504 264
3510 3557 215
3511 3525 267
3523 3573 291
3533 3540 77
3544 3567 254
3559 3597 76
3578 3603 93
3584 3628 200
3590 3611 11
3611 3641 225
3620 3626 89
3628 3660 191
3654 3682 288
3661 3696 87
3665 3710 163
3692 3715 238
3706 3708 11
3735 3759 64
3755 3789 257
3756 3785 37
3766 3767 213
3792 3805 170
3807 3818 273
3833 3882 24
3838 3864 55
3859 3882 136
3861 3893 88
3874 3877 213
3893 3915 86
3920 3935 260
3926 3973 125
3926 3941 94
3947 3979 81
3956 3991 144
3975 4023 284
3991 4009 109
4017 4026 142
4023 4046 107
4037 4062 110
4050 4061 210
4073 4082 168
4100 4109 48
4127 4155 243
4148 4173 205
4174 4175 157
4184 4197 238
4186 4198 23
4193 4199 209
4209 4240 8
4216 4229 206
4242 4255 54
4267 4292 283
4271 4304 142
4286 4310 177
4301 4310 155
4329 4339 263
4356 4405 242
4380 4422 266
4381 4404 237
4395 4424 99
4401 4409 115
4430 4476 215
4443 4446 87
4445 4481 206
4464 4484 28
4490 4515 24
4504 4530 149
4530 4553 99
4559 4567 151
4588 4626 46
4589 4590 256
4599 4612 23
4617 4635 299
4626 4645 290
4632 4673 172
4653 4687 290
4660 4676 122
4676 4687 122
4702 4704 59
4709 4723 239
4723 4728 270
4750 4764 24
4758 4805 67
4774 4779 14
4799 4837 277
4810 4843 40
4836 4862 63
4839 4844 208
4859 4901 217
4873 4893 271
4878 4913 285
4901 4942 106
4924 4939 136
4943 4967 171
4946 4947 190
4965 4972 166
4969 4974 30
4987 5029 104
5009 5042 288
5024 5073 202
5042 5069 290
5045 5056 53
5060 5082 54
5067 5070 80
5076 5085 192
5083 5085 18
5094 5103 128
5106 5115 20
5114 5129 163
5127 5137 17
5155 5175 91
5178 5181 21
5203 5241 174
5227 5253 226
5255 5285 148
5284 5312 106
5293 5316 239
5294 5296 255
5316 5347 248
5321 5354 159
5332 5345 32
5352 5391 190
5364 5407 219
5374 5415 253
5397 5419 114
5408 5431 229
5420 5437 239
5439 5445 64
5467 5504 196
5483 5522 275
5507 5532 179
5512 5516 62
5533 5549 101
5554 5594 88
5558 5603 11
5563 5565 76
5585 5615 76
5614 5649 154
5642 5680 92
5645 5691 5
5649 5660 19
5674 5720 21
5675 5689 192
5685 5694 254
5687 5723 289
5696 5712 52
5708 5745 179
5736 5783 232
5764 5808 36
5783 5808 241
5811 5849 207
5816 5862 16
5839 5864 23
5846 5848 228
5865 5891 261
5876 5925 134
5888 5891 181
5889 5901 4
5915 5946 212
5921 5938 14
5944 5964 14
5967 5976 152
5972 5990 208
5990 6034 33
6012 6059 138
6017 6063 144
6017 6060 86
6040 6070 226
6040 6073 29
6042 6050 220
6051 6098 239
6079 6128 233
6104 6110 55
6116 6123 253
6144 6184 21
6152 6194 288
6169 6182 82
6187 6233 169
6215 6239 28
6243 6264 169
6247 6274 198
6250 6256 193
6258 6306 113
6278 6324 27
6286 6293 143
6296 6322 245
6316 6320 121
6344 6362 91
6374 6385 129
6380 6407 59
6392 6442 47
6419 6420 179
6430 6463 265
6453 6461 244
6472 6506 260
6473 6512 199
6480 6499 46
6482 6510 220
6502 6546 48
6528 6563 263
6538 6544 68
6560 6561 60
6569 6585 176
6572 6574 199
6582 6589 248
6588 6605 69
6594 6615 60
6604 6612 163
6610 6630 153
6612 6617 140
6623 6636 270
6647 6696 116
6673 6696 178
6673 6691 261
6692 6730 224
6705 6740 134
6718 6730 52
6747 6797 144
6773 6821 216
6789 6804 240
6805 6847 153
6825 6845 258
6850 6864 41
6857 6887 40
6866 6904 219
6885 6935 94
6898 6941 109
6912 6955 162
6915 6937 93
6925 6958 251
6947 6981 219
6961 6983 128
6981 7027 300
6984 6997 285
7008 7049 285
7008 7040 201
7037 7038 203
7037 7074 136
7066 7069 123
7075 7101 23
7089 7105 231
7099 7108 191
7117 7158 240
7143 7158 29
7160 7202 282
7170 7199 51
7193 7235 99
7217 7245 253
7245 7288 153
7261 7267 233
7266 7275 77
7290 7340 261
7300 7328 281
7315 7316 73
7327 7345 264
7335 7379 175
7364 7372 176
7387 7422 31
7406 7438 144
7413 7431 160
7441 7485 238
7461 7462 222
7484 7528 254
7511 7522 253
7534 7567 101
7564 7608 50
7580 7594 126
7595 7624 139
7602 7621 71
7623 7631 31
7646 7680 100
7651 7658 192
7678 7724 110
7703 7742 66
7730 7735 182
7749 7772 121
7770 7810 279
7796 7821 256
7808 7857 277
7830 7869 238
7846 7861 198
7846 7860 35
7850 7888 256
7865 7891 100
7894 7933 11
7922 7969 163
7950 7983 49
7974 7982 161
7983 8014 278
8000 8049 138
8015 8057 271
8018 8049 232
8033 8044 165
8038 8074 266
8040 8061 15
8051 8067 98
8081 8118 35
8083 8107 266
8083 8109 267
8105 8145 24
8112 8114 145
8119 8141 131
8145 8174 70
8153 8193 160
8165 8174 240
8187 8210 297
8210 8248 273
8230 8255 172
8252 8268 90
8276 8325 93
8293 8338 109
8307 8314 296
8313 8362 123
8339 8386 272
8344 8362 274
8372 8394 143
8399 8434 201
8426 8447 229
8445 8461 17
8475 8476 21
8503 8526 299
8525 8559 152
8528 8530 90
8545 8580 279
8546 8596 288
8553 8603 68
8557 8595 196
8583 8611 73
8598 8640 275
8615 8618 80
8635 8641 25
8648 8677 12
8663 8710 143
8670 8684 141
8699 8733 117
8708 8733 155
8725 8750 209
8742 8779 40
8762 8793 196
8775 8805 36
8797 8804 49
8822 8870 119
8831 8880 261
8856 8859 252
8858 8889 13
8878 8899 198
8888 8923 109
8916 8939 191
8925 8933 101
8937 8964 33
8962 9005 247
8974 8987 74
8991 9035 267
8991 9035 166
9014 9046 164
9014 9041 290
9031 9037 110
9061 9081 31
9082 9108 135
9101 9112 194
9109 9111 138
9111 9135 258
9141 9157 63
9167 9184 13
9195 9210 252
9195 9235 215
9209 9236 240
9226 9270 126
9256 9286 210
9263 9290 166
9280 9289 96
9290 9302 182
9307 9314 120
9336 9354 198
9359 9378 51
9365 9400 207
9365 9367 104
9372 9409 210
9397 9403 100
9415 9430 37
9415 9459 59
9432 9448 10
9442 9452 229
9451 9482 290
9468 9469 107
9473 9502 282
9474 9480 130
9502 9529 140
9518 9534 262
9540 9563 244
9546 9587 150
9568 9590 198
9577 9606 186
9607 9628 110
9610 9650 54
9636 9686 158
9655 9673 120
9658 9675 113
9678 9709 217
9700 9739 287
9700 9732 236
9728 9758 111
9742 9784 124
9772 9820 56
9780 9782 6
9781 9794 241
9788 9824 63
9805 9820 158
9835 9861 206
9838 9861 10
9860 9908 3
9861 9870 246
9868 9901 117
9891 9931 113
9901 9909 158
9901 9902 171
9917 9959 294
9930 9946 285
9936 9949 234
9950 9991 50
9960 9982 227
9985 10023 17
9986 10024 237
10007 10017 87
10011 10034 82
10024 10057 102
10032 10070 91
10051 10052 192
10062 10064 1
10088 10098 224
10108 10128 235
10129 10150 283
10145 10192 203
10147 10168 69
10172 10202 127
10185 10197 33
10197 10220 244
10205 10212 192
10231 10275 273
10258 10259 280
10279 10311 297
10282 10301 234
10308 10328 59
10330 10335 34
10331 10353 75
10359 10405 132
10363 10377 30
10389 10429 68
10389 10426 52
10392 10432 115
10422 10446 71
10449 10464 158
10449 10493 154
10457 10477 223
10467 10478 103
10474 10519 196
10504 10506 49
10525 10540 224
10529 10540 244
10548 10592 108
10557 10596 298
10567 10600 230
10573 10620 246
10596 10630 43
10607 10611 57
10611 10614 9
10639 10668 220
10662 10703 297
10677 10708 300
10700 10702 33
10722 10772 283
10735 10743 286
10760 10802 172
10774 10802 265
10784 10817 210
10803 10841 245
10812 10828 276
10818 10828 3
10846 10848 257
10849 10868 27
10865 10911 29
10888 10924 117
10915 10941 33
10929 10968 260
10940 10990 79
10970 10993 98
10971 11010 169
10980 11028 91
10982 11006 25
10998 11011 110
11023 11053 288
11027 11064 224
11039 11050 299
11050 11064 16
11060 11069 169
11079 11086 44
11098 11114 101
11112 11120 101
11125 11158 228
11140 11171 37
11141 11147 213
11142 11183 276
11161 11186 110
11176 11201 281
11188 11225 115
11190 11213 131
11214 11221 109
11219 11265 215
11246 11283 62
11256 11285 159
11261 11309 299
11267 11282 219
11274 11280 134
11286 11321 37
11315 11356 119
11315 11319 136
11327 11376 21
11341 11350 126
11341 11345 13
11357 11407 294
11373 11418 167
11382 11398 106
11408 11427 93
11428 11436 282
11452 11485 298
11464 11494 149
11470 11503 180
11482 11526 224
11484 11523 173
11511 11513 285
11513 11563 294
11534 11539 56
11544 11577 92
11551 11594 126
11563 11602 71
11589 11607 35
11595 11645 205
11599 11648 215
11620 11662 136
11631 11649 55
11639 11646 231
11639 11680 168
11640 11681 112
11661 11684 291
11680 11697 107
11704 11738 131
11709 11742 71
11717 11719 211
11726 11755 220
11738 11786 216
11764 11813 225
11784 11825 144
11804 11810 3
11817 11858 10
11828 11865 122
11837 11844 130
11840 11872 58
11849 11863 34
11878 11914 133
11903 11906 71
11923 11945 120
11948 11972 224
11976 11988 33
11993 12039 186
12015 12038 226
12024 12054 86
12052 12055 24
12056 12070 198
12069 12102 43
12097 12139 112
12117 12150 239
12131 12159 267
12152 12194 264
12159 12168 281
12172 12208 33
12172 12206 233
12178 12227 188
12196 12201 160
12221 12248 242
12226 12252 20
12226 12265 260
12231 12258 231
12247 12252 146
12268 12280 291
12277 12284 278
12288 12324 57
12298 12327 43
12307 12353 242
12334 12345 284
12348 12354 164
12353 12400 189
12361 12363 40
12390 12421 227
12417 12457 121
12440 12445 81
12446 12456 53
12463 12483 141
12489 12528 65
12515 12528 76
12522 12540 244
12533 12550 177
12536 12554 105
12557 12578 1
12572 12622 224
12581 12607 219
12585 12616 112
12588 12591 61
12590 12616 296
12619 12632 81
12630 12660 183
12645 12690 247
12659 12694 175
12664 12692 137
12692 12708 263
12696 12739 272
12698 12701 195
12708 12758 119
12714 12736 246
12725 12726 59
12753 12777 66
12773 12779 115
12798 12830 17
12820 12835 103
12834 12876 3
12860 12910 292
12884 12934 86
12887 12917 61
12891 12938 24
12910 12928 22
12911 12951 127
12933 12980 185
12963 12968 273
12987 13028 58
13007 13018 16
13012 13019 281
13013 13021 46
13031 13047 137
13053 13077 221
13061 13085 125
13071 13074 273
13100 13146 271
13123 13144 283
13126 13150 236
13152 13167 18
13152 13195 60
13156 13178 267
13165 13183 211
13179 13191 106
13190 13193 257
13203 13216 191
13223 13257 296
13237 13260 77
13238 13267 35
13252 13280 149
13279 13305 146
13291 13340 186
13301 13303 198
13304 13308 295
13312 13323 61
13334 13373 260
13346 13376 114
13373 13418 86
13402 13451 214
13405 13445 180
13411 13413 230
13438 13440 53
13444 13482 62
13460 13481 4
13480 13496 205
13480 13508 112
13505 13542 90
13509 13517 267
13515 13536 237
13545 13563 184
13563 13588 23
13575 13581 188
13580 13626 49
13603 13608 163
13630 13639 272
13633 13677 98
13654 13699 123
13683 13732 277
13713 13728 86
13732 13739 218
13744 13752 159
13760 13782 56
13766 13770 184
13767 13813 125
13793 13803 200
13812 13828 72
13837 13860 176
13847 13881 253
13867 13893 115
13868 13893 186
13875 13917 33
13884 13900 281
13896 13923 58
13896 13917 232
13926 13966 243
13954 14004 154
13955 13995 136
13962 14006 190
13987 14021 227
14012 14038 281
14023 14063 151
14037 14038 35
14067 14103 208
14091 14128 262
14097 14117 27
14106 14144 68
14113 14156 11
14141 14187 225
14145 14148 56
14147 14185 261
14151 14198 85
14154 14165 210
14183 14230 218
14205 14241 281
14233 14266 12
14238 14285 97
14254 14297 155
14262 14276 186
14271 14286 103
14282 14311 233
14309 14344 8
14325 14371 85
14343 14375 79
14355 14373 283
14368 14413 142
14388 14430 35
14405 14421 292
14423 14463 176
14437 14450 166
14457 14480 95
14480 14502 273
14491 14524 64
14501 14547 300
14516 14530 229
14527 14562 278
14530 14547 231
14542 14560 66
14565 14569 18
14574 14579 271
14602 14606 137
14602 14643 149
14627 14628 26
14635 14647 122
14649 14661 299
14662 14674 281
14666 14696 288
14671 14676 137
14692 14732 300
14694 14714 65
14722 14757 189
14725 14746 214
14730 14763 211
14757 14797 289
14773 14818 263
