1000
2 14 215
28 43 148
39 77 185
47 96 289
70 90 200
73 79 249
75 88 224
105 134 212
120 164 14
140 164 152
146 179 56
164 206 89
194 211 173
200 238 225
225 231 45
227 235 112
235 257 93
252 297 28
254 299 22
258 306 80
277 288 185
282 327 114
306 336 1
334 380 141
364 393 106
371 413 73
386 394 221
398 418 198
418 432 159
432 452 36
433 468 3
457 478 180
469 514 18
493 528 122
520 543 191
547 582 281
547 552 208
576 608 118
594 611 62
605 610 126
624 674 74
638 643 122
655 704 179
679 680 41
704 743 256
706 723 169
724 766 203
748 752 63
777 787 262
789 825 151
809 827 127
814 847 266
830 866 87
831 857 67
860 884 209
882 925 8
890 893 224
896 901 26
915 917 163
926 960 65
949 957 4
971 985 234
982 993 126
999 1019 81
1019 1030 236
1044 1060 280
1060 1100 246
1074 1121 85
1098 1141 216
1098 1140 18
1108 1127 106
1122 1171 199
1148 1187 259
1170 1208 104
1185 1227 268
1208 1256 263
1220 1269 182
1228 1241 28
1230 1254 103
1255 1268 196
1275 1308 161
1300 1306 145
1315 1361 167
1318 1322 299
1334 1344 288
1360 1397 8
1361 1399 52
1390 1415 38
1406 1417 247
1436 1452 192
1440 1484 169
1465 1481 213
1492 1502 229
1514 1519 141
1525 1570 73
1539 1565 192
1552 1573 126
1562 1608 26
1568 1616 297
1594 1609 231
1599 1608 23
1599 1600 77
1614 1635 167
1630 1669 263
1639 1664 110
1669 1707 153
1684 1733 19
1686 1733 146
1709 1758 262
1736 1742 31
1763 1795 27
1791 1805 121
1810 1816 2
1816 1865 14
1843 1877 209
1859 1883 11
1861 1894 52
1875 1886 213
1886 1887 72
1916 1945 13
1929 1944 162
1948 1971 215
1960 1980 85
1961 1972 135
1978 1983 57
1999 2035 238
2004 2015 60
2004 2038 3
2014 2029 53
2014 2061 253
2031 2068 130
2056 2081 50
2075 2090 120
2100 2105 71
2122 2138 141
2133 2162 281
2162 2194 253
2189 2195 97
2200 2249 188
2204 2224 159
2213 2244 165
2220 2245 121
2249 2267 85
2259 2269 236
2274 2314 229
2285 2300 101
2305 2345 99
2329 2350 168
2359 2409 239
2378 2419 97
2397 2413 286
2401 2422 26
2409 2424 46
2438 2479 296
2452 2501 268
2452 2487 84
2457 2465 109
2466 2489 285
2475 2498 9
2476 2508 174
2492 2534 272
2513 2524 292
2539 2585 64
2550 2571 128
2580 2619 85
2608 2642 286
2619 2658 44
2640 2660 113
2647 2677 136
2647 2684 269
2661 2693 202
2669 2685 220
2694 2708 197
2722 2735 101
2744 2754 297
2749 2758 104
2760 2804 173
2785 2818 10
2804 2840 88
2805 2842 237
2814 2838 247
2816 2838 161
2828 2866 132
2840 2886 71
2847 2848 168
2876 2883 283
2881 2887 135
2901 2920 28
2903 2941 24
2911 2946 185
2937 2953 115
2949 2999 100
2976 2983 290
2988 3012 71
2997 3002 229
3018 3047 9
3025 3038 281
3046 3084 176
3058 3078 66
3077 3088 135
3094 3112 86
3114 3120 234
3134 3166 41
3156 3197 54
3164 3170 181
3192 3227 226
3210 3254 171
3216 3248 171
3230 3277 257
3231 3259 146
3232 3249 84
3239 3267 83
3240 3285 11
3262 3312 26
3273 3276 242
3289 3317 46
3319 3348 108
3324 3351 86
3348 3373 213
3348 3389 79
3363 3398 132
3369 3391 22
3399 3412 137
3403 3425 163
3412 3446 278
3426 3431 232
3426 3472 84
3446 3470 42
3456 3502 94
3466 3491 73
3494 3536 74
3520 3522 294
3541 3562 290
3560 3589 63
3562 3585 60
3575 3611 270
3605 3616 21
3612 3638 263
3629 3662 2
3652 3659 209
3664 3711 246
3674 3713 160
3675 3687 183
3683 3693 96
3695 3696 34
3716 3737 107
3731 3747 290
3746 3778 42
3748 3771 222
3764 3804 295
3792 3841 66
3801 3842 174
3830 3868 117
3854 3860 228
3858 3908 44
3861 3885 167
3886 3909 263
3906 3941 22
3910 3926 77
3923 3968 79
3925 3936 17
3954 3957 198
3969 3974 197
3995 4042 51
3996 4027 237
4026 4056 267
4045 4064 165
4061 4063 76
4075 4110 194
4077 4079 22
4088 4106 51
4103 4133 96
4130 4149 135
4137 4182 233
4155 4157 168
4172 4178 19
4194 4219 38
4222 4242 12
4223 4241 245
4248 4280 172
4273 4319 139
4299 4327 102
4314 4335 280
4338 4350 275
4356 4379 209
4369 4412 283
4371 4375 245
4387 4422 250
4388 4403 265
4418 4468 173
4447 4454 200
4450 4471 52
4473 4485 295
4485 4531 143
4500 4540 283
4504 4534 190
4529 4570 12
4538 4540 18
4554 4567 300
4554 4573 249
4564 4603 34
4568 4608 66
4594 4642 132
4605 4617 294
4633 4674 107
4658 4693 289
4658 4670 97
4682 4728 34
4695 4729 253
4722 4769 12
4737 4780 169
4747 4795 183
4760 4808 229
4770 4781 248
4786 4808 225
4800 4836 91
4823 4858 70
4850 4863 55
4856 4877 93
4865 4879 134
4881 4927 86
4882 4884 221
4894 4933 206
4902 4937 225
4919 4938 228
4948 4950 266
4949 4959 107
4977 4999 151
5000 5039 284
5025 5041 112
5047 5050 67
5073 5075 34
5078 5111 12
5088 5106 241
5107 5153 37
5125 5172 232
5154 5187 98
5155 5185 194
5177 5212 226
5206 5235 293
5228 5238 2
5241 5285 165
5252 5256 107
5258 5279 197
5286 5324 6
5315 5339 211
5333 5377 144
5358 5371 211
5373 5407 73
5383 5414 180
5384 5398 121
5408 5446 136
5413 5459 72
5428 5463 2
5428 5446 58
5439 5482 9
5458 5496 87
5468 5500 55
5483 5507 269
5483 5513 133
5489 5521 77
5519 5549 140
5539 5568 72
5566 5572 15
5575 5609 53
5584 5625 265
5600 5620 165
5611 5624 113
5615 5649 220
5644 5666 69
5647 5652 299
5656 5706 129
5662 5702 125
5675 5708 50
5705 5749 94
5722 5747 140
5722 5754 133
5722 5766 102
5746 5792 167
5746 5779 267
5747 5779 133
5751 5759 196
5765 5770 236
5792 5811 270
5818 5843 50
5848 5888 109
5871 5891 267
5885 5896 139
5905 5940 251
5910 5930 58
5932 5964 100
5955 5994 63
5973 6002 226
5992 6033 110
5999 6045 300
6020 6026 113
6029 6072 25
6048 6052 276
6059 6070 123
6063 6108 40
6069 6072 278
6076 6121 224
6087 6090 233
6097 6130 170
6102 6106 192
6109 6121 54
6110 6145 228
6121 6162 277
6149 6155 8
6176 6182 287
6190 6215 125
6215 6222 68
6232 6250 74
6241 6275 101
6243 6275 104
6268 6271 112
6281 6303 139
6305 6344 50
6319 6323 2
6349 6392 283
6359 6407 109
6386 6405 68
6416 6465 20
6427 6441 242
6438 6442 116
6465 6505 201
6492 6502 185
6507 6543 288
6534 6584 249
6540 6544 134
6550 6591 93
6565 6606 29
6567 6588 255
6584 6609 180
6610 6634 14
6632 6639 71
6646 6673 264
6676 6694 73
6698 6704 160
6710 6749 140
6721 6762 153
6736 6785 23
6751 6754 286
6756 6758 138
6785 6787 127
6809 6847 289
6835 6846 208
6861 6876 192
6865 6899 192
6877 6927 265
6898 6937 275
6909 6926 117
6925 6952 212
6953 6961 218
6965 6979 237
6989 7000 62
7000 7001 273
7019 7067 62
7026 7051 10
7054 7097 35
7054 7070 145
7060 7070 115
7069 7112 226
7069 7103 239
7098 7124 138
7117 7147 156
7129 7151 263
7152 7187 21
7169 7178 46
7172 7212 139
7172 7177 79
7174 7178 279
7198 7229 93
7214 7251 37
7219 7230 24
7238 7283 177
7260 7285 175
7289 7319 280
7289 7310 121
7300 7327 43
7322 7353 162
7331 7339 268
7348 7391 195
7362 7373 43
7381 7417 155
7387 7421 73
7407 7428 155
7424 7470 162
7444 7450 100
7463 7494 28
7469 7476 286
7491 7541 239
7495 7505 106
7524 7560 268
7542 7587 141
7542 7544 1
7547 7560 115
7564 7605 60
7581 7623 183
7591 7602 137
7595 7644 164
7601 7622 28
7603 7649 279
7607 7639 19
7635 7654 93
7658 7663 152
7672 7710 33
7672 7703 25
7680 7683 296
7694 7715 154
7704 7711 160
7711 7717 237
7736 7764 155
7738 7769 246
7740 7744 141
7757 7772 295
7767 7806 292
7797 7835 24
7805 7832 13
7822 7862 94
7839 7887 229
7853 7882 131
7874 7902 30
7887 7889 295
7904 7931 265
7916 7961 234
7926 7932 236
7927 7929 16
7944 7992 100
7966 7974 177
7975 7992 81
7982 8026 148
8010 8030 176
8025 8056 157
8027 8040 94
8034 8038 191
8047 8083 144
8055 8097 159
8078 8097 176
8078 8082 37
8091 8097 153
8102 8124 280
8114 8159 224
8129 8145 49
8133 8172 78
8144 8157 284
8164 8168 48
8171 8205 156
8181 8225 28
8211 8219 49
8234 8237 35
8242 8268 63
8265 8275 241
8285 8323 101
8298 8303 179
8302 8330 63
8303 8317 178
8326 8343 45
8352 8392 67
8379 8404 237
8387 8412 249
8404 8436 193
8411 8438 74
8430 8452 276
8435 8451 264
8453 8466 98
8461 8483 202
8474 8487 20
8500 8521 33
8520 8523 222
8534 8538 63
8552 8589 295
8568 8589 18
8573 8598 46
8578 8593 205
8593 8624 227
8598 8624 199
8625 8665 206
8643 8691 215
8655 8703 127
8667 8676 171
8672 8685 156
8685 8719 29
8709 8741 58
8723 8724 185
8732 8752 169
8750 8765 54
8778 8790 284
8793 8796 209
8819 8848 115
8847 8886 201
8873 8885 131
8881 8885 118
8901 8909 121
8928 8948 16
8949 8979 130
8952 8984 132
8980 9024 41
9004 9048 258
9012 9053 199
9037 9038 68
9046 9064 81
9057 9090 37
9074 9096 46
9097 9107 274
9124 9141 163
9146 9155 20
9157 9198 279
9162 9193 113
9188 9238 49
9216 9233 260
9218 9251 79
9243 9276 268
9272 9293 33
9273 9320 221
9291 9324 131
9320 9346 25
9348 9375 131
9350 9377 257
9367 9388 279
9371 9415 51
9371 9402 127
9393 9405 189
9409 9453 199
9413 9460 123
9421 9467 217
9428 9447 90
9446 9457 70
9473 9518 79
9477 9481 144
9482 9498 65
9487 9517 230
9515 9558 164
9527 9559 50
9533 9565 241
9559 9563 277
9564 9585 51
9594 9644 222
9612 9627 199
9613 9620 135
9627 9651 50
9655 9676 203
9665 9691 65
9687 9729 266
9691 9732 100
9712 9737 190
9722 9723 32
9751 9778 120
9755 9778 162
9760 9786 9
9767 9807 2
9768 9794 197
9789 9791 135
9801 9819 194
9809 9816 282
9828 9833 192
9846 9852 210
9871 9906 178
9888 9930 82
9913 9930 38
9920 9963 34
9934 9946 208
9940 9947 83
9943 9966 182
9950 9987 68
9973 9977 280
9977 10014 142
9988 10028 256
10012 10045 192
10039 10070 246
10048 10094 166
10053 10089 58
10075 10122 124
10088 10112 61
10112 10127 198
10141 10160 228
10142 10164 251
10149 10151 228
10151 10178 178
10156 10171 96
10182 10184 147
10193 10211 201
10217 10225 277
10221 10241 155
10224 10257 240
10238 10269 191
10248 10295 271
10251 10252 246
10260 10272 24
10263 10310 268
10289 10329 80
10302 10320 109
10312 10335 268
10312 10339 107
10337 10381 151
10343 10366 288
10366 10410 211
10396 10433 172
10410 10439 43
10439 10483 300
10448 10476 120
10456 10468 130
10475 10514 16
10478 10497 15
10478 10506 197
10506 10529 239
10536 10572 223
10540 10571 244
10562 10588 35
10580 10604 244
10582 10616 136
10589 10620 290
10616 10631 13
10621 10663 239
10636 10662 229
10659 10709 123
10659 10700 1
10686 10723 128
10712 10762 97
10741 10762 132
10764 10808 271
10790 10792 49
10805 10855 158
10810 10828 52
10820 10856 77
10846 10888 18
10876 10882 68
10901 10927 287
10909 10912 257
10929 10967 10
10944 10986 50
10951 10992 4
10972 10985 76
10995 11008 51
11021 11023 110
11051 11055 200
11079 11115 5
11098 11106 38
11114 11129 32
11141 11148 185
11164 11191 181
11182 11207 157
11201 11242 108
11224 11249 39
11228 11259 168
11249 11276 21
11249 11259 283
11259 11288 227
11284 11292 297
11286 11303 223
11315 11324 299
11321 11322 197
11327 11346 208
11343 11385 123
11359 11393 46
11377 11390 196
11384 11406 177
11388 11437 270
11416 11433 282
11428 11429 241
11451 11462 287
11473 11492 8
11494 11516 80
11499 11535 236
11517 11547 233
11518 11533 94
11541 11560 207
11552 11593 289
11571 11581 168
11579 11616 76
11592 11614 168
11605 11633 186
11618 11622 2
11623 11668 262
11631 11670 56
11649 11683 145
11663 11701 185
11666 11693 188
11689 11718 107
11691 11700 295
11696 11720 49
11726 11771 207
11737 11771 109
11744 11748 114
11748 11796 58
11767 11772 260
11770 11781 5
11792 11810 65
11813 11844 138
11841 11878 274
11857 11865 190
11866 11892 208
11887 11890 203
11907 11911 284
11917 11957 184
11946 11993 94
11958 12000 44
11983 11996 149
11994 11997 210
12005 12045 234
12022 12046 83
12051 12097 81
12075 12079 164
12076 12083 14
12105 12146 185
12131 12143 123
12133 12173 203
12147 12177 173
12163 12209 168
12182 12220 109
12194 12242 50
12196 12204 299
12205 12224 234
12224 12253 292
12234 12272 259
12241 12283 111
12271 12274 213
12271 12273 243
12292 12328 290
12302 12330 297
12329 12330 145
12350 12357 225
12352 12388 254
12380 12416 229
12404 12409 169
12414 12419 7
12423 12425 223
12451 12481 163
12463 12469 230
12471 12505 174
12501 12506 268
12518 12541 230
12522 12547 8
12542 12559 173
12543 12563 265
12566 12591 275
12586 12597 22
12605 12616 143
12631 12638 61
12633 12643 91
12633 12656 240
12645 12680 300
12653 12680 267
12667 12670 285
12675 12706 299
12701 12725 292
12725 12775 57
12742 12781 25
12742 12764 117
12742 12780 42
12766 12773 73
12774 12795 223
12803 12843 45
12827 12855 252
12834 12861 32
12860 12867 195
12860 12904 224
12882 12926 253
12887 12921 255
12895 12940 90
12925 12952 69
12927 12975 258
12941 12945 41
12967 12980 160
12989 13038 84
13004 13026 212
13011 13056 184
13032 13081 195
13036 13074 91
13044 13094 85
13073 13111 266
13077 13098 101
13090 13116 31
13100 13144 165
13120 13123 130
13143 13175 211
13164 13214 206
13167 13183 56
13191 13240 158
13211 13237 268
13220 13247 20
13225 13270 26
13241 13281 254
13241 13268 29
13253 13259 256
13258 13267 177
13285 13320 164
13299 13345 273
13299 13327 110
13300 13343 283
13312 13322 165
13332 13365 15
13360 13365 215
13381 13423 27
13409 13423 58
13423 13434 7
13445 13463 222
13456 13492 192
13469 13492 282
13487 13504 11
13492 13532 37
13496 13508 175
13504 13511 61
13510 13513 57
13514 13532 227
13533 13576 115
13542 13564 95
13549 13571 298
13567 13570 263
13572 13598 148
13591 13609 54
13608 13641 52
13611 13618 86
13614 13628 71
13621 13649 174
13631 13632 262
13640 13659 121
13664 13702 240
13687 13711 85
13687 13717 28
13697 13722 267
13710 13712 253
13737 13745 79
13761 13801 125
13784 13795 196
13792 13840 174
13805 13810 225
13823 13863 247
13829 13872 181
13839 13880 119
13857 13892 228
13871 13910 280
13882 13900 54
13893 13940 156
13913 13958 75
13925 13931 125
13948 13971 205
13974 14006 27
13999 14005 208
14024 14026 69
14044 14070 163
14066 14077 76
14085 14103 241
14099 14130 146
14116 14143 274
14121 14130 69
14125 14172 53
14129 14149 93
14145 14189 9
14162 14169 19
14173 14210 12
14201 14226 126
14229 14265 216
14256 14272 261
14259 14293 72
14268 14296 228
14270 14310 100
14290 14301 283
14307 14328 144
14311 14355 107
14326 14346 250
14326 14368 141
14337 14338 236
14347 14386 53
14348 14394 233
14359 14378 61
14384 14407 170
14388 14417 99
14413 14446 72
14417 14460 179
14437 14481 261
14455 14501 203
14466 14510 241
14482 14529 261
14486 14488 156
14500 14517 48
14509 14552 223
14516 14554 28
14536 14555 227
14556 14575 85
14577 14585 240
14591 14608 283
14591 14637 189
14598 14635 112
14601 14624 41
14604 14624 168
14632 14677 255
14638 14645 51
14641 14689 39
14651 14684 85
14673 14700 181
14690 14704 198
14708 14753 223
14711 14732 25
14733 14749 85
14763 14811 11
14769 14776 209
14785 14790 33
14797 14838 156
14807 14833 261
