1000
1 26 165
31 35 112
31 57 241
37 83 282
46 92 184
61 108 130
77 99 125
97 128 87
107 121 148
133 139 154
133 134 134
161 183 245
174 199 215
198 205 20
217 248 61
224 259 175
243 245 109
245 254 202
257 285 11
278 283 289
287 333 54
295 332 246
310 336 195
313 316 240
334 364 291
345 370 80
366 380 61
390 416 29
417 466 209
420 437 41
442 478 38
455 469 6
459 494 130
459 509 43
473 488 139
503 529 41
529 535 208
548 594 147
578 605 215
599 624 218
613 660 276
613 628 17
622 658 88
632 646 113
637 680 167
665 697 32
668 675 264
681 722 263
689 702 282
699 747 131
711 750 228
719 743 85
742 776 246
750 751 91
777 806 136
781 813 186
806 855 151
809 813 275
819 853 83
824 832 19
837 876 120
851 858 174
866 885 62
874 915 5
902 923 274
932 953 104
934 952 177
946 986 103
970 993 38
988 1034 218
992 1038 31
1010 1059 198
1013 1044 145
1029 1055 257
1050 1082 43
1072 1089 60
1084 1126 119
1099 1101 277
1116 1145 285
1145 1185 229
1160 1181 121
1172 1196 167
1195 1218 230
1208 1221 262
1234 1253 198
1241 1265 33
1268 1286 221
1285 1324 36
1313 1335 297
1329 1335 299
1345 1360 168
1345 1381 195
1351 1359 230
1370 1398 85
1378 1405 16
1396 1412 284
1404 1449 19
1422 1442 37
1425 1475 145
1446 1464 143
1453 1503 129
1461 1497 270
1490 1503 54
1510 1542 24
1529 1544 145
1550 1566 299
1568 1607 152
1592 1627 297
1601 1613 238
1624 1655 29
1637 1682 128
1665 1676 229
1683 1729 109
1695 1735 177
1720 1757 209
1724 1751 152
1740 1758 71
1752 1777 215
1769 1803 294
1782 1811 192
1791 1824 112
1820 1831 58
1828 1863 178
1846 1878 95
1875 1902 74
1903 1929 76
1915 1949 167
1918 1924 159
1921 1922 78
1930 1944 150
1956 1977 118
1983 2010 61
2011 2040 4
2039 2040 100
2064 2081 297
2086 2110 259
2116 2138 20
2119 2134 108
2133 2179 275
2162 2197 68
2165 2192 18
2170 2188 181
2194 2211 270
2210 2217 44
2225 2272 174
2226 2236 199
2241 2253 259
2268 2301 5
2290 2319 221
2298 2335 209
2314 2357 165
2323 2324 292
2344 2391 96
2350 2383 13
2355 2369 80
2382 2403 187
2385 2408 1
2392 2404 139
2393 2414 225
2401 2425 254
2403 2444 159
2404 2414 145
2418 2448 156
2431 2439 237
2450 2455 20
2463 2465 152
2488 2510 75
2518 2566 1
2525 2526 165
2535 2545 178
2557 2599 79
2567 2617 189
2575 2578 279
2588 2593 259
2616 2625 73
2632 2670 163
2637 2666 165
2642 2690 210
2665 2710 12
2690 2698 44
2715 2764 201
2716 2760 135
2717 2727 52
2718 2754 135
2747 2764 100
2767 2803 56
2796 2814 177
2801 2829 198
2813 2839 164
2824 2835 181
2837 2847 62
2841 2858 216
2868 2892 196
2874 2901 126
2874 2910 265
2875 2909 68
2901 2945 235
2923 2966 28
2935 2954 70
2937 2984 145
2958 2984 250
2975 3018 175
2985 3002 176
2989 3001 9
3001 3051 89
3025 3072 251
3048 3075 286
3051 3088 256
3056 3057 44
3071 3102 159
3092 3130 254
3104 3146 290
3109 3146 69
3124 3155 173
3125 3146 211
3133 3168 269
3146 3163 152
3155 3192 72
3178 3186 270
3202 3246 259
3211 3249 8
3226 3265 3
3242 3250 147
3262 3294 184
3291 3316 162
3295 3337 193
3307 3335 207
3335 3375 19
3354 3371 186
3374 3404 230
3374 3393 153
3383 3405 49
3404 3424 110
3404 3440 276
3407 3448 135
3420 3467 202
3422 3439 263
3422 3430 142
3430 3468 83
3447 3490 142
3463 3478 279
3464 3489 211
3493 3519 180
3505 3514 97
3529 3553 163
3554 3595 49
3566 3600 296
3584 3621 59
3598 3602 207
3600 3643 276
3616 3639 135
3646 3692 299
3657 3693 23
3657 3702 132
3664 3713 180
3693 3730 282
3696 3711 155
3720 3759 67
3726 3768 265
3746 3785 145
3773 3776 111
3780 3804 277
3808 3827 46
3824 3832 139
3834 3848 45
3861 3882 233
3878 3888 157
3905 3945 260
3910 3936 137
3928 3962 146
3940 3966 43
3960 3970 92
3976 4000 288
3981 4001 297
3985 4017 115
4002 4046 22
4003 4052 297
4020 4039 153
4045 4080 57
4054 4068 127
4069 4106 224
4089 4123 221
4102 4115 135
4132 4180 205
4139 4158 37
4159 4164 270
4160 4190 69
4186 4234 241
4188 4199 164
4216 4233 217
4235 4273 52
4255 4296 208
4270 4303 68
4293 4316 87
4318 4321 228
4325 4338 274
4337 4339 174
4361 4396 93
4365 4409 144
4381 4415 298
4385 4420 291
4405 4416 20
4417 4438 57
4434 4476 275
4463 4473 43
4492 4495 53
4505 4522 276
4532 4579 198
4553 4577 242
4564 4595 244
4591 4626 81
4597 4612 171
4615 4642 109
4636 4658 21
4654 4689 228
4654 4666 11
4661 4697 156
4687 4702 146
4716 4745 76
4746 4783 135
4755 4765 177
4770 4777 138
4799 4848 202
4802 4828 201
4815 4848 172
4832 4849 36
4837 4877 66
4861 4903 93
4877 4903 125
4881 4898 123
4888 4916 194
4902 4948 113
4927 4963 190
4933 4942 173
4947 4980 74
4954 4989 123
4973 5013 33
4997 5001 19
4998 5031 100
5025 5074 185
5044 5065 225
5074 5082 61
5078 5093 260
5108 5126 76
5133 5142 56
5150 5183 90
5168 5174 64
5198 5238 107
5202 5250 102
5204 5220 105
5205 5209 26
5206 5247 110
5230 5249 244
5242 5292 48
5266 5277 266
5281 5323 68
5288 5318 250
5315 5352 296
5316 5356 259
5337 5360 225
5363 5412 200
5367 5404 115
5369 5419 265
5385 5420 221
5399 5403 84
5414 5422 39
5440 5476 63
5442 5490 26
5449 5466 215
5479 5485 90
5490 5525 20
5501 5522 126
5513 5515 111
5521 5561 111
5546 5574 157
5551 5555 243
5559 5595 166
5559 5600 189
5573 5623 277
5603 5641 262
5613 5642 89
5623 5669 68
5638 5650 26
5650 5691 127
5653 5684 231
5668 5709 198
5668 5707 53
5668 5707 40
5682 5719 147
5694 5739 289
5707 5723 199
5724 5767 157
5753 5787 57
5757 5800 184
5765 5806 63
5772 5795 83
5784 5832 102
5788 5794 274
5815 5848 293
5826 5833 181
5834 5864 190
5858 5902 170
5879 5887 91
5892 5908 206
5900 5938 40
5909 5947 235
5920 5960 26
5941 5942 27
5959 5962 198
5974 6022 222
5981 6008 31
5985 6023 28
5992 6007 244
5992 6000 257
6022 6062 250
6033 6065 99
6036 6037 256
6036 6071 66
6040 6059 189
6053 6082 254
6059 6096 186
6069 6078 252
6077 6079 137
6084 6134 68
6099 6143 176
6125 6147 168
6126 6132 155
6153 6166 70
6177 6198 45
6205 6247 20
6205 6242 1
6215 6227 22
6239 6249 224
6250 6286 189
6267 6269 63
6290 6298 197
6299 6323 56
6312 6337 92
6315 6338 275
6337 6368 51
6338 6370 227
6364 6373 180
6383 6394 55
6405 6419 138
6424 6428 228
6450 6462 196
6460 6491 187
6490 6498 37
6511 6546 174
6526 6532 27
6536 6581 249
6545 6569 97
6575 6578 261
6604 6635 133
6624 6670 96
6644 6687 233
6661 6710 130
6681 6684 123
6709 6711 28
6726 6744 164
6728 6774 210
6741 6770 75
6746 6771 6
6759 6767 231
6772 6801 57
6796 6812 65
6821 6823 249
6839 6842 183
6857 6895 85
6887 6923 278
6898 6937 53
6898 6909 173
6904 6912 201
6926 6949 138
6950 6985 217
6957 6975 232
6985 6986 278
7001 7050 73
7005 7024 136
7035 7065 270
7055 7059 126
7083 7110 159
7100 7139 1
7117 7121 97
7125 7173 67
7143 7185 41
7160 7206 300
7189 7224 218
7196 7230 238
7213 7224 50
7231 7278 67
7241 7257 53
7250 7267 183
7253 7267 116
7278 7312 71
7286 7310 122
7287 7337 19
7304 7349 71
7307 7324 201
7336 7353 14
7343 7365 218
7351 7360 37
7356 7362 17
7360 7376 114
7389 7434 192
7392 7397 42
7416 7428 36
7421 7464 14
7425 7439 57
7440 7477 274
7451 7488 109
7472 7507 2
7481 7524 32
7502 7535 122
7519 7561 73
7548 7565 160
7562 7607 262
7576 7603 255
7598 7599 148
7613 7634 112
7615 7620 157
7631 7656 209
7633 7637 136
7638 7642 167
7663 7713 167
7674 7720 266
7697 7701 158
7706 7756 295
7711 7751 40
7738 7752 93
7745 7763 211
7760 7804 225
7785 7826 72
7787 7803 220
7807 7853 44
7810 7823 21
7819 7840 205
7829 7840 292
7840 7878 149
7850 7888 221
7867 7870 26
7888 7936 219
7909 7948 126
7929 7955 96
7945 7993 166
7965 7996 48
7981 7990 47
8007 8055 85
8034 8036 96
8059 8078 93
8077 8116 215
8091 8099 216
8095 8125 141
8101 8149 28
8121 8127 218
8146 8189 25
8174 8203 220
8184 8232 261
8213 8245 296
8232 8252 108
8237 8247 109
8263 8291 222
8266 8316 66
8287 8320 49
8313 8325 126
8320 8352 233
8345 8390 215
8374 8376 68
8382 8406 261
8388 8402 190
8388 8406 100
8392 8434 53
8396 8435 145
8407 8454 178
8411 8418 198
8437 8455 107
8444 8463 298
8471 8501 254
8497 8525 39
8519 8568 268
8542 8568 97
8544 8592 3
8557 8595 258
8572 8622 94
8583 8586 159
8609 8612 47
8635 8667 193
8652 8676 66
8653 8701 90
8670 8719 191
8693 8738 299
8702 8733 275
8702 8706 248
8727 8762 94
8750 8768 22
8753 8788 209
8772 8801 170
8792 8822 41
8797 8846 170
8807 8818 136
8820 8831 180
8847 8859 71
8855 8892 55
8858 8873 191
8876 8921 257
8899 8904 282
8926 8961 121
8927 8975 116
8951 8955 30
8960 8999 258
8973 8994 96
8994 9041 168
9005 9049 18
9020 9059 240
9047 9057 71
9072 9080 150
9097 9121 120
9100 9106 180
9108 9131 277
9136 9176 28
9161 9167 267
9190 9226 232
9199 9243 96
9227 9233 116
9246 9282 132
9260 9295 246
9273 9303 260
9287 9317 187
9308 9356 190
9322 9351 28
9328 9374 117
9347 9383 50
9347 9372 140
9371 9372 235
9388 9411 7
9398 9439 265
9408 9428 258
9433 9438 211
9442 9481 230
9464 9502 66
9464 9474 1
9471 9490 176
9478 9493 79
9507 9532 32
9536 9568 289
9557 9566 233
9559 9589 227
9573 9584 122
9591 9634 133
9605 9631 200
9614 9654 139
9622 9641 292
9623 9672 48
9634 9647 60
9635 9641 195
9664 9673 206
9692 9704 273
9721 9746 283
9726 9755 298
9742 9783 195
9754 9761 88
9782 9814 185
9783 9794 283
9801 9828 154
9830 9836 70
9852 9901 20
9869 9889 214
9875 9896 200
9880 9913 47
9898 9947 23
9924 9967 40
9933 9942 127
9938 9954 191
9942 9964 100
9953 9961 134
9953 9954 80
9965 10005 141
9972 10019 154
9981 10000 196
10006 10019 5
10020 10028 212
10030 10068 93
10040 10042 241
10054 10067 126
10056 10064 279
10072 10073 208
10079 10092 97
10093 10130 124
10099 10131 34
10124 10160 119
10132 10157 50
10148 10198 86
10167 10185 170
10189 10205 189
10218 10261 175
10230 10238 29
10238 10279 254
10259 10287 13
10273 10309 227
10299 10340 256
10316 10346 38
10330 10350 173
10344 10345 153
10367 10402 148
10397 10405 133
10409 10425 238
10413 10417 81
10440 10453 108
10466 10493 121
10483 10514 118
10493 10512 3
10514 10544 74
10544 10553 293
10546 10572 214
10549 10594 120
10578 10582 113
10592 10630 8
10600 10639 34
10624 10654 251
10633 10652 281
10659 10707 19
10688 10712 175
10693 10707 242
10715 10739 262
10744 10772 77
10753 10776 145
10773 10802 26
10797 10799 91
10813 10820 198
10842 10847 15
10857 10879 184
10866 10894 60
10869 10886 171
10889 10909 133
10896 10943 150
10905 10918 223
10916 10935 225
10930 10944 184
10952 10994 261
10970 10992 164
10989 11019 198
10996 11015 32
11009 11035 94
11016 11055 73
11040 11076 244
11041 11068 227
11048 11098 174
11066 11098 143
11085 11100 295
11103 11152 165
11108 11145 259
11110 11124 118
11126 11160 276
11128 11172 39
11158 11167 218
11186 11228 36
11187 11229 257
11214 11262 200
11222 11267 192
11236 11268 145
11251 11295 226
11274 11320 113
11288 11312 163
11314 11354 39
11320 11343 103
11339 11347 181
11350 11366 295
11372 11415 127
11392 11425 127
11392 11428 185
11409 11435 27
11425 11454 274
11442 11486 57
11448 11460 266
11469 11509 45
11473 11474 116
11474 11508 133
11500 11526 60
11522 11552 273
11526 11565 140
11536 11539 32
11558 11563 18
11558 11576 138
11576 11595 52
11589 11611 264
11598 11630 166
11624 11671 126
11627 11634 121
11637 11653 88
11653 11690 235
11675 11713 173
11701 11749 242
11731 11742 245
11748 11751 131
11761 11783 99
11763 11795 20
11785 11790 6
11803 11823 153
11821 11868 274
11834 11854 244
11852 11874 93
11872 11918 149
11899 11942 245
11900 11938 203
11901 11948 257
11921 11946 261
11942 11961 197
11959 11978 155
11975 12016 10
11981 11987 259
12002 12052 277
12031 12034 288
12037 12038 247
12043 12045 116
12061 12063 78
12066 12112 289
12074 12102 261
12074 12095 295
12104 12153 6
12122 12136 227
12148 12170 38
12148 12182 222
12177 12215 125
12181 12201 240
12206 12208 105
12211 12253 175
12221 12249 181
12224 12242 122
12247 12279 243
12253 12289 229
12275 12277 74
12294 12322 179
12296 12317 276
12314 12334 184
12324 12331 79
12324 12350 180
12336 12385 30
12350 12353 284
12378 12406 55
12408 12443 224
12431 12452 288
12436 12473 257
12439 12484 300
12443 12481 138
12444 12461 98
12460 12469 161
12460 12475 183
12472 12502 246
12477 12514 246
12487 12515 54
12515 12522 32
12544 12577 25
12573 12620 22
12590 12591 282
12616 12639 277
12626 12665 70
12629 12644 260
12655 12686 9
12657 12689 61
12667 12696 123
12675 12701 279
12701 12738 124
12711 12756 275
12720 12754 95
12723 12764 256
12751 12769 83
12762 12810 99
12775 12787 238
12800 12840 199
12809 12851 5
12812 12820 233
12817 12867 194
12826 12857 5
12828 12841 203
12831 12850 77
12849 12859 78
12862 12880 225
12872 12902 284
12876 12886 263
12901 12906 28
12928 12942 177
12933 12940 228
12945 12951 101
12970 12973 172
12970 12976 80
12971 12979 108
12992 13037 265
12999 13028 239
13025 13062 204
13041 13084 236
13051 13089 284
13055 13100 114
13059 13091 156
13076 13109 258
13105 13151 177
13107 13108 290
13130 13157 59
13143 13170 214
13167 13171 74
13197 13230 13
13220 13250 273
13244 13245 26
13250 13300 279
13276 13316 182
13306 13348 222
13326 13358 55
13328 13349 257
13356 13385 137
13365 13396 138
13395 13440 112
13402 13415 201
13417 13461 173
13442 13483 128
13443 13449 197
13462 13499 122
13492 13537 224
13504 13528 11
13505 13537 55
13535 13584 44
13550 13556 147
13567 13597 32
13583 13594 168
13593 13610 1
13604 13617 260
13629 13673 99
13644 13669 299
13671 13691 250
13690 13707 187
13696 13708 106
13709 13710 17
13738 13787 261
13753 13757 104
13769 13812 189
13790 13793 216
13815 13816 226
13839 13888 233
13861 13911 106
13864 13912 123
13888 13911 279
13888 13920 101
13906 13937 62
13927 13969 107
13949 13981 95
13966 13994 122
13983 13985 49
14009 14032 298
14032 14061 48
14033 14061 192
14038 14076 181
14040 14046 225
14068 14093 49
14074 14095 19
14094 14108 57
14110 14119 262
14111 14148 80
14140 14143 230
14170 14215 184
14172 14189 172
14181 14182 246
14185 14209 160
14207 14214 95
14236 14242 265
14243 14292 92
14267 14311 95
14276 14278 228
14304 14335 217
14312 14353 299
14314 14349 217
14343 14348 123
14367 14378 38
14372 14381 12
14396 14442 184
14409 14450 79
14436 14470 157
14444 14483 49
14464 14474 248
14478 14520 130
14479 14489 292
14499 14515 246
14513 14521 295
14517 14550 111
14533 14561 76
14534 14559 225
14551 14559 72
14579 14605 53
14579 14603 247
14581 14593 165
14605 14628 257
14620 14648 181
14647 14696 194
14673 14697 296
14687 14705 289
14704 14747 75
14710 14716 159
14724 14735 285
14731 14764 273
14756 14804 116
14767 14787 20
14772 14803 196
14786 14791 260
