1000
8 19 15
22 42 108
36 73 125
66 76 70
85 117 32
111 142 255
118 147 200
139 180 286
157 160 42
170 172 167
180 222 221
190 193 117
190 196 278
216 255 233
222 260 2
240 276 20
251 296 47
266 294 163
267 308 95
283 303 136
285 328 124
300 336 115
304 320 215
308 356 163
323 343 215
329 355 14
343 362 157
345 353 79
356 401 176
379 401 256
382 429 106
386 399 207
413 441 24
420 465 132
449 478 252
473 489 130
487 519 237
510 546 153
533 561 132
535 563 215
548 553 80
557 607 185
557 583 105
558 584 140
559 607 103
580 625 238
591 609 81
607 651 53
634 684 6
655 692 28
682 720 216
690 697 133
697 746 208
718 737 207
737 758 227
761 764 295
774 822 159
794 820 111
796 827 227
797 817 145
801 822 272
818 838 129
821 858 5
834 866 23
848 893 281
871 917 27
873 891 78
897 933 136
909 925 10
912 949 231
924 970 1
946 985 261
969 991 266
980 993 264
997 1006 10
1013 1021 22
1015 1022 153
1030 1058 259
1035 1074 150
1048 1050 96
1074 1123 104
1074 1105 289
1085 1118 231
1109 1135 288
1129 1177 252
1129 1141 217
1136 1146 50
1147 1152 32
1149 1151 185
1163 1208 64
1170 1217 286
1179 1225 266
1190 1212 263
1205 1230 191
1216 1217 96
1221 1242 10
1224 1257 221
1236 1251 4
1265 1302 221
1270 1316 139
1273 1276 31
1278 1312 21
1294 1338 298
1305 1318 195
1305 1326 184
1305 1351 164
1316 1362 68
1321 1371 134
1331 1346 120
1345 1367 150
1371 1396 129
1379 1401 237
1409 1455 272
1426 1473 18
1439 1456 286
1461 1507 5
1484 1523 99
1486 1487 294
1510 1531 283
1523 1564 242
1527 1564 114
1551 1596 66
1569 1571 241
1587 1601 155
1595 1643 277
1606 1650 264
1620 1660 266
1629 1633 254
1638 1650 266
1655 1662 170
1662 1663 236
1676 1684 69
1700 1712 102
1708 1722 69
1723 1729 6
1729 1731 110
1735 1754 275
1741 1772 265
1748 1791 249
1772 1778 231
1779 1826 154
1779 1817 22
1790 1816 67
1800 1836 56
1819 1823 32
1830 1861 24
1856 1897 159
1880 1888 199
1904 1905 110
1913 1939 207
1913 1918 127
1927 1955 242
1940 1968 290
1940 1952 290
1960 1971 103
1960 2002 110
1971 2014 201
1974 2010 255
1981 2011 108
1987 1993 22
1993 2016 83
1996 2027 226
1999 2006 18
2012 2040 38
2033 2064 192
2057 2095 134
2061 2086 78
2079 2120 275
2089 2104 245
2109 2131 170
2132 2160 250
2135 2178 81
2147 2169 261
2163 2195 294
2164 2201 110
2186 2218 9
2204 2234 19
2219 2250 191
2240 2289 121
2256 2268 236
2285 2291 266
2287 2310 82
2313 2322 186
2324 2333 76
2330 2368 40
2336 2346 133
2363 2395 73
2391 2412 255
2394 2440 29
2414 2447 297
2418 2442 109
2432 2466 154
2442 2466 6
2468 2487 100
2478 2494 171
2481 2512 111
2487 2501 78
2494 2504 204
2511 2549 87
2533 2548 169
2546 2595 85
2567 2614 65
2576 2590 177
2597 2625 143
2597 2623 218
2608 2647 293
2611 2653 8
2634 2639 230
2651 2688 140
2679 2682 192
2700 2733 63
2714 2764 259
2734 2751 62
2756 2759 219
2772 2806 28
2799 2845 243
2824 2833 192
2841 2842 139
2852 2872 46
2882 2924 10
2888 2902 287
2890 2932 74
2908 2946 2
2926 2953 254
2948 2977 24
2972 2995 97
2978 3027 247
3007 3036 281
3027 3066 59
3032 3079 299
3054 3060 185
3055 3093 137
3056 3096 130
3058 3108 42
3072 3115 132
3084 3120 157
3085 3106 50
3098 3118 284
3106 3136 89
3107 3154 279
3125 3134 82
3148 3153 116
3153 3192 39
3180 3187 195
3181 3225 262
3195 3208 38
3209 3219 260
3211 3249 103
3238 3276 289
3262 3285 249
3279 3327 70
3303 3322 30
3309 3321 212
3322 3347 195
3346 3349 2
3370 3382 292
3389 3412 18
3408 3449 95
3436 3473 20
3441 3472 193
3457 3480 190
3477 3480 277
3495 3515 240
3496 3517 218
3512 3560 185
3537 3543 114
3561 3573 88
3567 3600 184
3591 3630 210
3621 3641 188
3642 3680 207
3663 3707 7
3676 3710 212
3684 3712 195
3708 3755 144
3737 3748 62
3758 3770 9
3766 3798 106
3768 3795 27
3788 3808 206
3817 3829 87
3820 3862 213
3822 3858 162
3847 3861 285
3861 3893 20
3864 3875 71
3885 3895 8
3914 3964 253
3929 3979 248
3939 3972 130
3958 3973 5
3973 4002 270
3984 4027 110
4012 4049 201
4033 4060 247
4047 4066 271
4063 4076 159
4078 4122 23
4099 4146 260
4099 4115 81
4102 4148 38
4121 4168 180
4129 4143 293
4147 4184 140
4162 4210 27
4185 4217 259
4188 4215 104
4209 4248 120
4227 4245 155
4252 4271 99
4264 4273 142
4290 4339 220
4300 4331 97
4307 4322 83
4307 4343 20
4327 4331 198
4328 4343 100
4333 4345 175
4348 4355 289
4369 4372 209
4377 4397 35
4379 4407 136
4395 4397 166
4413 4457 135
4432 4455 243
4440 4474 91
4456 4469 288
4461 4478 155
4477 4503 147
4484 4533 286
4485 4497 100
4486 4528 162
4490 4506 251
4499 4539 226
4505 4527 297
4519 4562 132
4545 4562 149
4547 4573 87
4563 4591 194
4569 4600 149
4593 4633 134
4612 4645 237
4641 4650 161
4643 4688 196
4653 4692 128
4659 4684 144
4662 4682 274
4675 4693 84
4701 4736 75
4727 4771 12
4746 4787 128
4758 4799 15
4788 4796 67
4799 4847 114
4816 4855 70
4816 4858 169
4817 4835 153
4826 4837 216
4846 4856 293
4868 4905 259
4868 4898 226
4892 4895 278
4912 4922 20
4929 4965 85
4956 4982 47
4963 4999 279
4980 4981 73
5001 5026 273
5020 5070 34
5025 5064 256
5029 5031 29
5059 5075 120
5083 5089 194
5085 5100 170
5090 5097 224
5115 5131 289
5121 5123 240
5138 5171 67
5148 5163 135
5151 5167 14
5154 5184 130
5154 5183 27
5163 5189 276
5186 5198 107
5210 5244 54
5218 5255 123
5222 5248 116
5229 5256 198
5249 5255 126
5251 5254 209
5273 5310 231
5291 5323 88
5295 5326 297
5301 5346 220
5316 5321 32
5325 5355 256
5337 5367 230
5337 5353 93
5360 5389 261
5379 5419 169
5393 5417 244
5412 5445 242
5424 5449 73
5440 5478 107
5465 5489 5
5476 5504 220
5506 5543 68
5529 5579 204
5530 5549 140
5540 5587 290
5543 5556 19
5557 5591 159
5568 5610 248
5582 5593 166
5602 5645 176
5626 5676 76
5654 5677 281
5683 5707 59
5696 5718 10
5715 5719 107
5744 5747 197
5756 5779 259
5785 5807 103
5806 5849 164
5832 5864 260
5850 5867 170
5865 5900 60
5892 5937 254
5917 5956 174
5920 5952 46
5936 5942 247
5963 6007 169
5965 5971 28
5995 6019 229
6018 6033 46
6018 6043 222
6030 6044 144
6049 6068 281
6049 6053 231
6051 6070 5
6078 6087 119
6078 6101 42
6087 6095 8
6112 6159 25
6134 6154 52
6164 6193 201
6178 6193 211
6184 6232 147
6201 6206 289
6218 6242 75
6240 6280 241
6270 6285 293
6279 6297 140
6293 6308 235
6300 6342 19
6305 6342 226
6329 6357 38
6354 6375 169
6384 6409 119
6385 6419 273
6409 6452 150
6426 6440 50
6443 6455 200
6458 6508 281
6463 6508 58
6478 6498 269
6496 6501 168
6506 6521 229
6513 6549 39
6539 6561 166
6547 6554 184
6549 6584 133
6551 6594 214
6553 6560 102
6564 6584 188
6565 6601 117
6586 6600 96
6611 6632 253
6620 6662 35
6648 6696 26
6655 6662 140
6667 6705 241
6678 6682 91
6704 6732 18
6722 6764 81
6731 6770 38
6760 6794 247
6779 6783 294
6796 6834 146
6813 6840 209
6823 6857 132
6825 6848 121
6838 6857 183
6854 6875 244
6874 6914 197
6874 6888 25
6879 6891 255
6889 6916 186
6890 6896 268
6908 6924 177
6914 6962 195
6943 6960 179
6957 6981 49
6987 7019 86
7010 7055 75
7037 7064 75
7062 7082 253
7071 7086 189
7077 7115 261
7094 7121 83
7104 7109 226
7106 7125 286
7131 7165 240
7149 7153 28
7176 7184 7
7201 7214 19
7211 7223 12
7218 7253 204
7219 7248 123
7238 7241 75
7258 7305 16
7271 7320 79
7286 7295 2
7301 7334 189
7304 7310 220
7324 7343 115
7354 7381 2
7362 7399 136
7364 7371 192
7367 7402 215
7384 7391 9
7387 7395 29
7396 7433 175
7416 7423 81
7427 7440 82
7441 7469 186
7443 7460 298
7443 7463 288
7462 7508 68
7476 7500 27
7478 7524 63
7482 7498 136
7504 7527 274
7515 7516 247
7528 7568 138
7531 7538 197
7550 7595 229
7572 7580 295
7578 7625 248
7590 7612 196
7591 7636 73
7601 7643 287
7624 7627 135
7644 7674 67
7671 7691 78
7673 7721 202
7695 7724 211
7700 7740 211
7703 7730 215
7718 7752 19
7743 7789 174
7764 7791 172
7785 7835 78
7792 7827 190
7801 7835 197
7831 7854 217
7844 7877 269
7852 7901 230
7868 7905 22
7897 7935 287
7926 7945 193
7955 7974 259
7981 7988 2
7988 8008 244
7995 8042 106
7998 8048 128
8003 8008 98
8026 8027 167
8029 8055 193
8037 8072 16
8063 8073 57
8069 8084 225
8093 8119 154
8115 8145 148
8118 8148 140
8125 8133 214
8153 8185 289
8179 8223 48
8194 8236 291
8203 8207 145
8226 8246 78
8256 8288 164
8267 8279 91
8279 8320 52
8298 8337 60
8310 8329 12
8329 8372 184
8341 8378 243
8357 8401 4
8372 8407 266
8399 8402 64
8400 8420 222
8414 8448 47
8424 8442 25
8444 8445 150
8444 8464 212
8458 8460 28
8459 8481 275
8488 8505 135
8509 8522 165
8512 8549 74
8540 8579 48
8547 8562 282
8551 8560 249
8564 8571 85
8567 8596 270
8593 8600 184
8608 8650 170
8630 8676 222
8655 8697 241
8670 8703 169
8681 8698 166
8698 8715 82
8709 8746 146
8734 8776 110
8745 8781 224
8770 8782 164
8784 8801 276
8813 8857 247
8816 8847 279
8835 8838 117
8860 8910 214
8869 8883 194
8890 8927 23
8908 8916 252
8926 8975 295
8935 8942 231
8957 8975 292
8968 9016 124
8979 8992 186
8984 9003 190
9006 9013 176
9021 9046 201
9049 9085 108
9066 9112 210
9093 9128 32
9101 9108 194
9129 9159 165
9147 9175 69
9151 9153 228
9165 9194 24
9189 9210 177
9207 9217 226
9228 9230 272
9231 9235 263
9258 9269 133
9259 9264 206
9283 9289 222
9293 9324 169
9294 9339 246
9317 9360 18
9340 9345 252
9347 9390 257
9367 9382 44
9368 9406 56
9397 9436 295
9403 9424 71
9433 9460 96
9457 9460 8
9480 9484 108
9481 9484 283
9506 9519 30
9518 9529 273
9537 9554 275
9555 9583 13
9562 9596 200
9592 9627 237
9614 9646 188
9641 9670 264
9670 9694 33
9689 9722 29
9690 9733 132
9720 9732 136
9741 9758 177
9767 9772 236
9771 9777 277
9776 9791 226
9783 9832 115
9805 9851 176
9824 9868 181
9830 9838 85
9847 9871 184
9861 9909 101
9882 9920 231
9886 9910 69
9899 9928 293
9920 9924 176
9927 9940 201
9930 9949 51
9949 9957 123
9964 10012 275
9993 10013 75
10023 10047 292
10026 10066 85
10048 10087 175
10056 10100 190
10074 10081 37
10103 10139 8
10132 10181 123
10150 10197 53
10168 10208 66
10189 10239 19
10216 10264 128
10221 10254 258
10246 10251 83
10253 10286 135
10267 10312 61
10273 10307 6
10303 10322 191
10325 10328 248
10326 10344 59
10352 10379 163
10362 10364 188
10365 10393 171
10365 10368 242
10386 10418 150
10394 10414 288
10398 10399 156
10404 10425 11
10429 10440 145
10443 10483 285
10447 10489 123
10464 10471 47
10485 10493 22
10491 10520 51
10492 10496 72
10518 10560 211
10528 10540 114
10535 10536 33
10549 10551 247
10573 10581 165
10596 10611 273
10620 10639 191
10650 10685 41
10676 10725 183
10680 10693 149
10710 10719 152
10730 10758 217
10747 10751 255
10777 10788 192
10792 10813 63
10802 10842 229
10808 10837 15
10818 10840 31
10840 10875 147
10860 10891 283
10886 10888 59
10910 10924 93
10931 10959 103
10951 10989 196
10973 10974 103
10994 11011 49
11003 11012 154
11019 11056 45
11041 11084 230
11056 11059 45
11075 11091 197
11104 11144 11
11127 11151 29
11142 11163 1
11170 11217 186
11182 11198 248
11193 11199 41
11214 11218 96
11224 11240 56
11242 11254 142
11272 11274 92
11294 11309 62
11295 11314 269
11305 11338 163
11314 11340 90
11338 11374 34
11338 11362 115
11340 11373 175
11344 11349 226
11373 11393 100
11401 11447 152
11403 11447 76
11405 11452 251
11429 11463 155
11449 11477 290
11465 11513 245
11495 11542 29
11506 11529 158
11522 11550 105
11531 11568 213
11557 11583 293
11571 11595 109
11574 11584 237
11602 11603 55
11610 11616 133
11636 11671 276
11644 11648 34
11667 11680 59
11687 11691 133
11717 11754 238
11741 11756 152
11750 11769 61
11778 11789 97
11806 11854 204
11809 11826 240
11817 11861 107
11843 11893 181
11870 11874 121
11875 11876 58
11885 11924 257
11913 11918 225
11923 11929 171
11928 11970 37
11929 11956 295
11948 11987 15
11973 12017 164
12001 12010 223
12023 12067 13
12036 12065 248
12043 12091 115
12044 12065 132
12061 12082 202
12077 12126 45
12082 12086 195
12083 12106 219
12083 12125 224
12090 12091 49
12092 12119 179
12105 12150 137
12112 12118 43
12133 12141 26
12150 12165 189
12160 12176 287
12182 12230 197
12190 12236 218
12198 12236 26
12208 12210 111
12227 12241 8
12236 12266 241
12242 12274 56
12270 12311 272
12270 12295 172
12286 12322 110
12291 12323 140
12304 12352 153
12313 12352 237
12338 12374 167
12346 12350 81
12354 12368 65
12371 12410 123
12384 12417 269
12395 12400 126
12410 12418 3
12430 12471 123
12431 12441 168
12432 12479 221
12448 12449 141
12455 12459 11
12465 12515 192
12472 12512 75
12500 12537 297
12524 12534 291
12533 12549 44
12539 12589 156
12557 12573 3
12562 12568 164
12570 12574 185
12590 12625 26
12609 12629 173
12628 12678 44
12641 12663 107
12667 12688 137
12697 12741 194
12722 12741 293
12738 12771 249
12741 12763 129
12770 12819 14
12792 12807 250
12807 12829 36
12836 12847 246
12864 12894 108
12890 12895 35
12900 12918 127
12907 12950 12
12915 12928 180
12943 12979 218
12943 12987 102
12952 12955 246
12964 13014 254
12971 13006 233
12998 13037 2
13001 13016 95
13012 13039 245
13033 13082 34
13063 13105 150
13071 13102 237
13089 13101 279
13100 13116 293
13101 13146 49
13125 13157 225
13130 13140 176
13140 13164 187
13163 13173 292
13168 13176 245
13189 13219 101
13219 13253 150
13242 13243 204
13254 13285 79
13264 13298 31
13287 13331 221
13288 13304 53
13316 13333 9
13323 13355 148
13323 13332 91
13351 13380 228
13352 13387 160
13367 13371 111
13385 13405 56
13397 13414 69
13407 13451 193
13428 13476 39
13444 13477 98
13458 13487 143
13474 13477 136
13487 13495 124
13491 13531 257
13494 13518 200
13520 13570 268
13539 13544 159
13569 13601 23
13591 13626 289
13616 13640 267
13619 13661 35
13637 13639 296
13662 13696 106
13669 13716 256
13698 13741 223
13719 13740 260
13732 13770 289
13754 13765 255
13758 13806 149
13779 13805 136
13809 13843 132
13832 13843 49
13835 13838 79
13864 13898 254
13894 13913 10
13913 13956 292
13921 13951 273
13936 13967 183
13941 13979 129
13964 13998 251
13977 14009 100
14003 14037 68
14004 14016 232
14011 14053 45
14018 14033 33
14020 14031 202
14022 14024 131
14037 14067 278
14067 14093 288
14093 14133 242
14095 14126 273
14104 14115 90
14133 14174 154
14150 14162 206
14153 14163 296
14179 14191 210
14198 14223 159
14213 14261 90
14237 14256 57
14267 14299 140
14296 14316 186
14304 14318 211
14305 14342 210
14318 14364 169
14339 14346 40
14351 14371 129
14357 14362 242
14387 14425 300
14391 14397 122
14406 14451 233
14412 14417 68
14434 14449 211
14460 14466 259
14483 14485 277
14499 14547 175
14502 14542 46
14532 14539 239
14562 14595 298
14579 14587 192
14589 14616 259
14613 14625 231
14636 14662 222
