5000
11 20 65
39 69 139
44 87 73
50 55 106
58 72 210
84 118 54
86 131 140
88 116 288
118 161 69
144 147 119
145 195 232
156 191 25
166 176 26
166 215 226
186 213 140
191 225 228
207 216 84
220 237 171
232 256 40
246 271 265
256 262 134
260 287 200
278 317 255
297 314 80
308 323 215
318 347 250
322 369 297
338 349 33
353 362 254
362 389 241
372 385 40
395 436 224
423 443 150
430 459 104
442 454 26
442 443 263
458 488 17
487 511 146
488 508 76
496 530 116
513 562 106
541 584 248
541 578 68
541 580 272
544 564 111
558 601 193
576 607 264
591 605 11
621 652 179
624 656 77
642 654 24
668 705 166
680 690 96
694 722 86
697 742 36
713 728 184
722 750 178
745 778 260
752 760 159
775 786 126
801 814 175
823 831 299
844 888 1
859 885 192
864 884 70
893 914 109
920 935 296
937 972 261
946 955 58
953 955 206
974 981 122
994 1003 53
1020 1053 144
1020 1033 211
1047 1073 182
1069 1096 230
1089 1103 288
1117 1121 74
1130 1166 298
1142 1160 46
1161 1184 6
1167 1181 276
1180 1223 179
1203 1220 209
1212 1237 211
1238 1264 156
1257 1302 88
1267 1309 28
1282 1301 236
1293 1337 156
1296 1301 295
1300 1319 82
1327 1336 88
1329 1344 255
1337 1382 236
1343 1347 96
1347 1376 167
1364 1377 68
1370 1380 186
1387 1426 225
1403 1429 136
1407 1417 241
1422 1433 210
1451 1493 86
1479 1526 44
1482 1526 200
1487 1522 110
1493 1524 225
1511 1515 77
1540 1548 200
1549 1591 281
1565 1609 141
1569 1615 228
1585 1605 204
1601 1639 89
1608 1649 191
1613 1638 115
1633 1681 40
1643 1654 124
1647 1675 111
1669 1682 219
1695 1723 106
1707 1712 193
1732 1774 156
1751 1773 119
1766 1780 27
1789 1827 28
1803 1817 143
1806 1847 98
1835 1848 15
1854 1879 162
1861 1880 246
1877 1896 85
1904 1917 33
1927 1957 92
1934 1937 170
1946 1989 106
1968 2002 207
1989 2030 44
1994 2035 237
2020 2047 195
2038 2054 66
2049 2056 135
2073 2113 273
2102 2150 284
2120 2144 34
2138 2163 176
2165 2209 248
2180 2211 101
2210 2256 162
2220 2237 148
2227 2252 154
2254 2271 7
2264 2284 109
2285 2298 72
2295 2335 33
2297 2328 3
2318 2368 243
2336 2359 170
2366 2392 19
2381 2393 52
2394 2441 90
2415 2438 16
2434 2465 200
2459 2461 226
2481 2513 21
2487 2510 249
2506 2528 131
2535 2543 198
2562 2563 21
2572 2608 108
2586 2611 7
2592 2595 60
2597 2635 169
2615 2640 206
2626 2648 181
2646 2682 4
2659 2665 169
2659 2679 62
2666 2715 251
2678 2689 37
2681 2698 86
2694 2708 155
2701 2731 15
2724 2758 188
2751 2757 251
2779 2796 160
2790 2796 262
2791 2793 178
2816 2835 94
2835 2861 158
2847 2858 66
2869 2873 143
2884 2917 45
2910 2944 172
2940 2977 59
2951 2990 230
2979 3000 212
2989 2995 235
3019 3067 70
3031 3034 85
3052 3067 157
3066 3075 236
3087 3109 268
3107 3135 67
3136 3179 49
3140 3172 1
3140 3173 145
3142 3144 97
3153 3165 92
3154 3167 88
3177 3184 222
3193 3238 170
3211 3221 64
3222 3246 252
3242 3279 73
3253 3286 177
3276 3279 82
3291 3325 231
3293 3338 80
3307 3341 26
3313 3350 28
3340 3355 273
3349 3385 130
3363 3384 94
3382 3413 25
3409 3451 162
3439 3462 147
3468 3481 155
3495 3540 189
3515 3517 277
3524 3553 25
3540 3565 17
3565 3575 110
3582 3625 236
3609 3657 101
3635 3653 181
3649 3691 288
3651 3666 73
3679 3686 121
3694 3715 40
3710 3716 37
3734 3779 266
3753 3756 261
3773 3811 223
3794 3842 141
3798 3817 234
3815 3852 119
3831 3864 250
3849 3875 216
3859 3889 257
3881 3911 286
3910 3939 152
3926 3973 20
3951 3976 52
3979 4015 96
3995 4041 181
4013 4044 295
4040 4043 223
4048 4059 245
4050 4073 294
4077 4093 137
4083 4105 131
4089 4105 298
4111 4160 270
4135 4150 179
4147 4159 214
4172 4193 111
4200 4207 185
4212 4222 271
4241 4264 299
4256 4289 114
4268 4300 150
4289 4326 52
4292 4325 259
4315 4320 65
4345 4377 245
4360 4362 103
4375 4419 13
4377 4412 181
4389 4439 138
4400 4417 244
4414 4444 106
4421 4454 170
4430 4450 8
4460 4470 158
4477 4523 212
4486 4532 22
4500 4541 278
4514 4520 26
4538 4572 26
4568 4596 84
4594 4599 245
4623 4625 93
4636 4639 119
4658 4691 3
4669 4717 20
4684 4697 258
4711 4747 234
4712 4750 133
4726 4768 139
4756 4795 104
4764 4795 174
4772 4799 42
4775 4803 297
4804 4805 63
4826 4851 240
4832 4881 211
4860 4891 184
4875 4914 76
4880 4904 128
4908 4953 67
4926 4949 247
4940 4955 155
4946 4967 290
4970 4993 90
4992 4997 201
5022 5035 208
5033 5047 71
5033 5049 296
5063 5094 235
5072 5084 160
5078 5111 23
5084 5111 244
5110 5154 48
5115 5142 119
5142 5192 107
5148 5173 262
5158 5202 248
5167 5180 13
5181 5219 21
5200 5221 255
5226 5232 117
5226 5266 299
5228 5261 166
5252 5287 237
5255 5268 55
5272 5296 115
5290 5318 92
5317 5352 162
5333 5377 61
5345 5358 206
5363 5366 114
5371 5419 22
5393 5414 38
5395 5443 286
5411 5453 116
5435 5464 252
5451 5461 135
5462 5463 6
5471 5481 24
5484 5501 93
5490 5517 250
5520 5535 290
5545 5566 219
5556 5566 274
5586 5634 289
5586 5633 234
5605 5625 55
5631 5634 252
5654 5695 117
5662 5680 80
5686 5690 249
5696 5710 220
5701 5749 9
5730 5752 291
5755 5789 284
5772 5795 277
5780 5816 125
5802 5809 208
5814 5864 179
5842 5859 256
5871 5920 107
5878 5905 88
5908 5944 37
5929 5945 282
5951 5997 171
5958 5987 94
5965 5986 97
5992 6008 168
6018 6025 210
6048 6093 89
6051 6100 89
6065 6098 214
6074 6121 34
6098 6109 17
6106 6145 250
6111 6124 14
6130 6171 34
6137 6146 20
6162 6189 172
6166 6210 300
6193 6226 281
6205 6217 235
6218 6265 30
6243 6256 109
6263 6309 97
6267 6311 225
6282 6320 276
6286 6299 140
6308 6309 207
6317 6349 57
6338 6360 21
6355 6397 6
6380 6398 139
6402 6413 214
6431 6467 247
6456 6489 191
6458 6497 241
6464 6486 178
6483 6524 299
6496 6527 233
6520 6527 97
6533 6540 160
6554 6599 162
6556 6600 102
6573 6611 135
6603 6630 46
6633 6653 158
6647 6662 285
6659 6670 167
6686 6720 170
6713 6728 23
6732 6767 101
6756 6783 275
6776 6804 94
6796 6838 249
6822 6859 296
6826 6865 179
6831 6848 13
6851 6870 16
6881 6897 299
6906 6917 218
6917 6962 171
6940 6970 174
6956 7000 270
6985 7027 183
6986 7026 113
7007 7014 190
7033 7053 92
7037 7042 108
7039 7077 207
7053 7054 148
7059 7087 150
7072 7110 190
7086 7126 11
7099 7120 230
7109 7157 246
7135 7180 128
7136 7159 68
7159 7189 223
7188 7219 290
7217 7245 267
7227 7258 149
7231 7271 283
7240 7246 99
7245 7264 61
7265 7268 284
7269 7278 135
7298 7334 277
7303 7308 167
7327 7373 148
7357 7407 161
7384 7419 233
7406 7429 123
7411 7445 34
7422 7423 218
7443 7481 231
7464 7501 84
7481 7525 106
7504 7543 251
7528 7549 132
7553 7593 219
7575 7584 127
7588 7613 90
7588 7591 234
7594 7643 226
7605 7630 292
7631 7647 127
7635 7655 234
7637 7682 20
7665 7670 20
7691 7709 4
7708 7729 60
7721 7725 287
7732 7736 104
7734 7777 166
7758 7795 154
7766 7813 228
7768 7776 250
7781 7812 107
7786 7814 216
7816 7862 135
7827 7844 62
7845 7865 73
7864 7913 23
7873 7880 53
7893 7935 99
7908 7933 216
7908 7926 20
7918 7929 32
7939 7942 183
7965 7997 69
7970 7987 252
7981 8026 288
7986 8016 80
8007 8025 174
8019 8057 193
8025 8070 189
8035 8078 282
8039 8065 56
8051 8093 225
8057 8083 89
8087 8135 212
8096 8124 1
8104 8145 300
8109 8127 126
8109 8121 277
8120 8123 156
8145 8169 298
8148 8168 99
8162 8182 18
8175 8194 85
8191 8208 22
8204 8215 104
8227 8256 20
8237 8274 172
8237 8255 150
8259 8297 75
8263 8271 166
8272 8287 61
8296 8331 103
8324 8339 175
8333 8369 238
8347 8363 262
8348 8395 38
8351 8389 46
8369 8380 139
8377 8384 212
8393 8407 114
8418 8468 31
8420 8431 231
8433 8442 160
8456 8476 211
8476 8500 214
8501 8506 46
8511 8535 279
8529 8564 25
8542 8568 238
8569 8597 195
8569 8604 41
8580 8591 96
8590 8608 248
8590 8629 243
8593 8601 292
8614 8639 208
8642 8687 26
8657 8675 221
8668 8670 251
8683 8684 157
8696 8739 251
8714 8744 195
8738 8750 286
8749 8758 164
8751 8761 23
8759 8768 100
8760 8762 291
8785 8792 139
8792 8813 274
8812 8854 77
8826 8827 234
8832 8865 252
8832 8873 170
8857 8886 171
8871 8895 281
8875 8880 44
8884 8914 200
8894 8906 255
8917 8943 217
8933 8981 93
8950 8957 249
8969 8997 167
8977 8978 76
8983 9007 104
8991 9010 187
9016 9060 247
9030 9073 271
9037 9073 241
9047 9082 287
9050 9057 165
9061 9109 211
9091 9116 182
9104 9105 133
9117 9124 79
9133 9154 90
9142 9170 140
9152 9153 203
9175 9192 130
9195 9224 159
9216 9255 208
9217 9227 2
9246 9293 41
9272 9293 213
9300 9339 79
9326 9366 37
9331 9367 202
9357 9390 239
9358 9388 15
9385 9429 178
9396 9429 231
9402 9410 47
9424 9453 176
9451 9469 92
9458 9465 138
9478 9528 58
9496 9507 293
9502 9515 218
9532 9541 204
9545 9590 222
9554 9559 15
9570 9601 3
9594 9617 242
9616 9634 264
9646 9692 232
9676 9704 231
9677 9702 198
9691 9716 280
9698 9702 278
9703 9706 159
9716 9748 92
9730 9741 13
9742 9755 87
9758 9808 30
9767 9774 75
9794 9811 136
9803 9834 265
9829 9861 169
9847 9863 267
9869 9873 74
9871 9890 245
9879 9901 99
9899 9904 200
9925 9953 81
9931 9978 78
9937 9942 257
9965 9991 197
9970 10005 193
9979 9996 18
10007 10021 214
10015 10025 41
10045 10047 14
10049 10061 90
10060 10094 158
10061 10074 260
10071 10081 46
10077 10098 75
10083 10129 288
10100 10103 37
10106 10126 249
10131 10156 130
10150 10161 80
10158 10197 130
10188 10197 10
10217 10226 209
10241 10276 106
10250 10289 166
10256 10259 179
10277 10286 233
10281 10303 261
10297 10323 136
10324 10346 296
10329 10374 174
10341 10361 131
10363 10403 149
10378 10413 154
10398 10402 274
10404 10415 238
10414 10441 138
10428 10438 11
10429 10434 54
10443 10467 231
10470 10509 147
10484 10497 135
10493 10523 98
10523 10550 241
10528 10568 44
10538 10575 97
10554 10596 206
10579 10615 140
10585 10616 4
10586 10600 59
10607 10645 92
10628 10633 267
10647 10650 144
10668 10702 282
10695 10734 239
10695 10728 76
10705 10726 102
10709 10740 69
10729 10774 213
10733 10745 182
10745 10768 145
10775 10810 169
10784 10830 6
10807 10842 17
10810 10843 140
10816 10819 297
10845 10864 103
10874 10884 283
10881 10919 41
10890 10899 108
10916 10949 8
10942 10984 214
10950 10983 113
10956 10967 185
10981 11002 79
11002 11010 248
11027 11076 215
11053 11102 100
11068 11089 87
11095 11102 20
11121 11123 167
11133 11145 277
11161 11183 263
11178 11196 282
11187 11237 50
11207 11219 286
11210 11232 149
11239 11285 204
11267 11302 265
11290 11292 11
11299 11314 283
11316 11353 84
11333 11379 288
11338 11342 244
11348 11383 128
11363 11399 131
11365 11375 17
11392 11438 211
11398 11437 142
11419 11460 145
11423 11468 226
11442 11470 196
11472 11519 122
11484 11513 22
11497 11540 56
11513 11529 99
11540 11549 90
11566 11600 64
11589 11635 116
11592 11606 163
11599 11621 35
11623 11650 173
11647 11660 5
11655 11668 272
11666 11700 47
11684 11710 199
11684 11689 268
11693 11699 288
11720 11726 194
11720 11728 188
11724 11725 96
11753 11775 120
11778 11787 133
11784 11813 260
11790 11830 247
11801 11850 275
11801 11822 288
11817 11847 133
11832 11837 188
11834 11883 54
11848 11852 68
11876 11898 286
11905 11919 34
11917 11964 193
11938 11968 264
11944 11975 89
11958 11972 295
11977 11992 38
11992 12004 77
12013 12044 286
12041 12076 243
12056 12097 49
12066 12110 93
12093 12096 240
12110 12142 260
12128 12156 140
12146 12163 263
12158 12160 77
12160 12179 287
12160 12178 44
12171 12190 16
12182 12215 81
12193 12201 135
12198 12225 96
12215 12236 293
12218 12262 218
12241 12277 13
12260 12293 111
12286 12318 74
12299 12322 279
12321 12351 260
12337 12364 130
12338 12347 190
12356 12406 155
12368 12372 147
12376 12411 101
12400 12428 42
12401 12442 102
12401 12418 113
12406 12409 136
12412 12434 208
12424 12446 166
12439 12465 180
12455 12478 150
12476 12505 73
12482 12492 51
12485 12498 218
12505 12544 11
12510 12560 224
12537 12583 60
12546 12575 112
12561 12595 214
12567 12613 161
12579 12610 240
12590 12634 218
12590 12623 82
12593 12611 260
12600 12609 271
12625 12674 119
12630 12646 17
12633 12683 24
12643 12655 233
12649 12663 123
12670 12689 130
12672 12685 292
12687 12695 261
12702 12707 271
12719 12750 129
12739 12763 280
12762 12764 165
12781 12792 196
12796 12803 287
12805 12814 290
12818 12855 96
12828 12864 2
12838 12881 116
12838 12868 20
12845 12857 283
12871 12909 83
12891 12919 100
12908 12910 25
12938 12939 253
12954 12957 87
12976 12992 72
13004 13030 239
13024 13034 210
13045 13088 145
13052 13102 85
13075 13106 28
13085 13117 203
13086 13126 299
13113 13142 101
13119 13136 21
13119 13159 55
13146 13164 41
13169 13200 246
13179 13190 290
13201 13226 287
13206 13253 191
13229 13238 31
13229 13237 176
13248 13298 151
13250 13298 199
13253 13289 286
13265 13295 289
13293 13316 253
13297 13327 3
13305 13329 128
13309 13352 200
13315 13321 35
13330 13378 215
13352 13377 197
13358 13394 163
13358 13405 267
13363 13364 110
13363 13406 223
13371 13417 34
13390 13426 228
13410 13433 298
13413 13422 75
13419 13468 73
13434 13442 203
13451 13498 158
13460 13467 275
13460 13484 99
13462 13503 181
13471 13502 22
13483 13517 52
13490 13501 263
13509 13521 22
13514 13554 35
13534 13548 223
13536 13548 299
13536 13560 219
13558 13581 71
13584 13593 139
13589 13595 226
13591 13620 182
13596 13629 89
13609 13633 48
13624 13642 32
13648 13679 163
13652 13693 4
13657 13680 297
13687 13736 175
13689 13729 216
13710 13748 145
13722 13763 179
13750 13785 22
13760 13785 267
13779 13815 209
13794 13814 244
13812 13861 206
13835 13878 290
13854 13878 127
13863 13871 70
13874 13923 157
13895 13912 120
13909 13912 134
13930 13940 12
13934 13963 203
13938 13953 289
13968 13971 281
13987 14024 95
13989 14027 286
14010 14034 296
14025 14033 63
14043 14077 27
14054 14094 127
14061 14094 45
14090 14111 211
14099 14103 174
14110 14137 15
14132 14140 19
14156 14166 22
14182 14194 68
14210 14228 215
14228 14273 173
14257 14294 64
14265 14301 160
14270 14273 81
14270 14277 91
14290 14336 264
14308 14314 262
14327 14336 127
14354 14382 246
14378 14398 193
14395 14405 172
14410 14411 159
14414 14460 208
14442 14446 22
14459 14479 28
14471 14517 61
14475 14496 173
14498 14518 57
14520 14567 277
14538 14584 120
14555 14588 267
14555 14565 282
14566 14585 106
14595 14634 130
14603 14649 144
14607 14654 83
14625 14643 53
14630 14652 50
14639 14655 220
14650 14653 185
14660 14685 136
14680 14704 75
14707 14735 244
14712 14729 83
14734 14784 257
14750 14757 118
14755 14757 204
14772 14773 107
14783 14824 136
14783 14809 273
14811 14837 194
14818 14868 25
14830 14837 158
14854 14856 260
14856 14860 126
14858 14896 108
14888 14935 144
14915 14944 296
14929 14933 279
14930 14970 167
14950 14977 210
14960 14970 123
14971 14990 155
14975 15021 241
14990 15029 161
15018 15030 212
15041 15047 186
15054 15088 276
15055 15102 214
15062 15084 289
15066 15110 171
15074 15097 211
15099 15143 83
15123 15168 56
15124 15131 93
15151 15193 157
15180 15202 65
15184 15203 67
15205 15214 236
15232 15269 184
15258 15300 32
15282 15330 7
15291 15338 27
15316 15322 113
15343 15350 68
15352 15383 52
15368 15370 23
15376 15414 31
15380 15387 232
15392 15397 144
15419 15425 17
15448 15465 171
15467 15497 123
15476 15506 124
15482 15522 36
15487 15525 175
15488 15505 108
15510 15532 244
15532 15540 233
15554 15583 77
15557 15606 290
15577 15603 184
15606 15626 135
15617 15663 15
15641 15655 272
15664 15694 90
15666 15698 213
15686 15712 216
15697 15740 21
15704 15716 13
15716 15731 75
15721 15725 292
15743 15757 40
15765 15769 220
15774 15797 185
15778 15813 211
15798 15815 231
15804 15823 199
15807 15847 12
15811 15847 277
15819 15821 165
15847 15893 7
15853 15878 289
15855 15873 265
15857 15867 253
15869 15880 160
15898 15902 207
15907 15932 235
15926 15950 232
15932 15971 26
15939 15961 17
15948 15950 119
15976 15981 249
15980 16017 41
15990 15992 102
16006 16024 99
16031 16077 194
16054 16064 48
16076 16096 187
16076 16082 129
16094 16125 67
16104 16142 150
16132 16176 153
16156 16166 168
16157 16187 184
16169 16206 61
16184 16219 79
16191 16224 151
16196 16208 139
16213 16240 84
16233 16250 141
16249 16297 63
16270 16272 226
16296 16332 54
16307 16319 258
16320 16368 255
16320 16321 128
16331 16375 135
16345 16379 91
16357 16365 17
16375 16378 194
16384 16431 237
16403 16408 278
16426 16472 186
16430 16453 128
16442 16474 165
16452 16501 218
16455 16470 137
16476 16500 43
16498 16529 177
16508 16517 295
16528 16577 147
16544 16583 191
16571 16598 140
16571 16583 249
16579 16581 192
16598 16601 94
16607 16622 36
16608 16655 161
16632 16671 197
16647 16661 182
16668 16684 261
16688 16733 180
16700 16704 268
16703 16746 153
16712 16747 248
16737 16764 254
16747 16790 66
16752 16756 10
16762 16808 37
16777 16820 173
16780 16808 182
16783 16796 86
16801 16813 80
16827 16848 8
16840 16874 76
16851 16883 133
16865 16910 80
16889 16917 39
16904 16905 111
16904 16944 9
16916 16930 3
16936 16956 151
16943 16953 86
16952 16979 29
16977 16985 154
16984 16998 80
16991 17006 29
16992 16994 72
16994 17005 60
17018 17044 213
17031 17079 226
17037 17086 225
17062 17110 112
17082 17110 191
17106 17136 67
17110 17147 15
17110 17137 265
17138 17164 149
17151 17159 55
17164 17195 7
17166 17186 94
17183 17190 206
17193 17205 274
17216 17228 272
17224 17244 110
17233 17256 288
17257 17297 178
17276 17295 73
17294 17341 129
17314 17338 179
17337 17366 199
17344 17389 217
17359 17383 210
17369 17383 227
17381 17412 78
17405 17437 148
17429 17473 85
17447 17458 101
17453 17469 29
17470 17487 133
17474 17515 22
17493 17519 275
17509 17544 75
17524 17543 272
17529 17548 122
17550 17595 211
17565 17609 9
17567 17611 226
17585 17617 189
17586 17620 55
17593 17643 267
17594 17636 16
17618 17633 192
17628 17646 244
17656 17697 207
17684 17712 88
17697 17735 39
17701 17721 209
17716 17722 4
17730 17757 183
17759 17763 68
17768 17776 295
17773 17777 254
17780 17794 278
17782 17790 63
17790 17794 285
17818 17825 59
17824 17841 201
17827 17862 205
17848 17876 59
17878 17928 25
17898 17938 94
17917 17938 211
17930 17978 78
17932 17946 197
17939 17982 154
17940 17948 7
17967 18003 251
17967 18009 157
17982 18011 78
18000 18011 243
18008 18030 53
18019 18027 19
18041 18070 54
18059 18066 251
18074 18115 198
18097 18110 122
18104 18119 146
18114 18116 51
18123 18126 192
18146 18184 71
18174 18224 123
18194 18199 102
18206 18256 49
18222 18241 240
18239 18247 155
18240 18242 73
18242 18276 113
18272 18289 56
18301 18319 149
18322 18332 241
18350 18386 272
18356 18358 86
18368 18411 53
18374 18421 217
18401 18450 26
18431 18462 96
18442 18467 269
18463 18508 33
18483 18500 286
18490 18502 97
18495 18515 97
18514 18535 241
18519 18569 136
18538 18555 172
18568 18594 219
18573 18597 242
18598 18631 99
18618 18623 250
18647 18671 244
18672 18701 140
18676 18724 246
18697 18731 71
18719 18733 247
18723 18752 90
18723 18761 163
18747 18777 285
18757 18798 114
18762 18765 84
18766 18816 299
18778 18786 124
18805 18851 81
18828 18830 216
18844 18879 7
18863 18910 214
18875 18890 179
18905 18928 56
18923 18930 12
18934 18963 162
18954 18965 239
18971 18977 78
18974 19022 22
18986 18991 21
18992 19017 165
18995 18998 177
19019 19024 250
19025 19043 198
19048 19086 172
19071 19091 235
19083 19088 262
19087 19125 90
19114 19159 254
19128 19152 57
19137 19142 6
19165 19197 78
19167 19212 217
19193 19237 141
19203 19244 38
19232 19258 216
19259 19289 108
19280 19288 297
19307 19333 66
19320 19334 206
19344 19360 216
19365 19369 232
19366 19404 290
19376 19407 36
19385 19413 87
19404 19415 164
19416 19456 271
19433 19440 132
19435 19437 41
19451 19455 174
19472 19477 154
19501 19516 65
19527 19576 18
19556 19588 231
19567 19592 136
19578 19605 288
19597 19636 6
19625 19627 194
19639 19678 142
19668 19687 49
19690 19739 75
19720 19747 256
19747 19766 267
19766 19809 242
19775 19789 200
19779 19802 118
19808 19821 78
19810 19857 122
19823 19853 204
19826 19849 111
19828 19861 109
19849 19898 28
19868 19893 243
19881 19890 167
19887 19897 30
19891 19927 7
19893 19923 246
19908 19937 229
19918 19945 227
19925 19931 17
19927 19962 83
19956 19972 287
19980 20014 219
19985 20034 193
20008 20020 144
20018 20043 144
20048 20090 227
20071 20106 164
20078 20082 152
20090 20116 97
20113 20162 20
20120 20143 139
20131 20150 108
20159 20203 34
20185 20232 247
20197 20232 98
20222 20271 51
20224 20252 277
20243 20273 182
20259 20301 264
20273 20321 53
20303 20332 193
20329 20333 114
20336 20362 152
20358 20400 259
20366 20380 197
20394 20407 260
20403 20444 122
20429 20469 296
20458 20482 14
20485 20528 26
20513 20544 184
20543 20566 187
20556 20599 132
20570 20584 274
20573 20614 296
20578 20616 208
20602 20621 241
20619 20626 94
20624 20666 165
20638 20681 60
20668 20674 261
20681 20694 246
20704 20709 29
20719 20740 248
20743 20770 164
20744 20790 52
20759 20798 261
20773 20775 51
20782 20817 210
20801 20807 88
20813 20827 259
20813 20828 131
20833 20876 21
20835 20852 247
20864 20900 56
20884 20887 36
20900 20922 265
20903 20917 271
20917 20933 23
20947 20956 235
20965 20988 162
20978 21018 174
20981 20990 124
20981 20989 33
20990 21037 16
20996 21003 167
21001 21046 134
21030 21036 284
21037 21042 55
21053 21079 240
21067 21107 236
21090 21108 6
21109 21129 169
21119 21135 210
21131 21133 279
21155 21184 213
21180 21190 298
21192 21211 283
21211 21247 182
21216 21243 230
21235 21261 88
21244 21257 62
21244 21284 54
21273 21307 24
21279 21300 50
21287 21322 177
21288 21292 157
21303 21335 9
21311 21358 66
21314 21343 74
21333 21349 112
21363 21377 23
21369 21370 132
21398 21432 147
21407 21415 267
21422 21471 142
21447 21493 46
21476 21511 102
21488 21500 230
21499 21545 237
21516 21564 11
21532 21542 170
21540 21587 277
21568 21578 228
21588 21598 239
21609 21633 190
21636 21676 24
21656 21699 235
21676 21695 87
21685 21706 224
21687 21726 229
21691 21737 259
21699 21731 271
21719 21723 280
21728 21747 170
21744 21758 73
21764 21787 65
21789 21832 212
21793 21828 270
21822 21839 135
21832 21837 229
21854 21859 171
21862 21871 78
21878 21909 128
21881 21918 157
21888 21911 282
21913 21927 24
21922 21954 79
21924 21959 287
21930 21935 178
21936 21946 290
21946 21968 290
21951 21972 85
21961 22001 284
21982 21985 178
21985 22000 108
21988 22015 117
22015 22052 126
22018 22041 219
22044 22046 281
22073 22118 226
22078 22093 185
22083 22123 91
22108 22124 177
22124 22167 241
22132 22165 3
22133 22148 288
22155 22177 234
22157 22161 205
22169 22210 50
22197 22234 241
22220 22268 129
22236 22261 220
22253 22289 70
22273 22302 176
22302 22308 16
22310 22331 168
22334 22356 89
22337 22352 243
22342 22363 70
22366 22400 153
22380 22390 198
22382 22389 27
22390 22432 246
22398 22418 160
22406 22411 163
22427 22445 170
22452 22478 107
22458 22479 243
22485 22527 100
22491 22514 245
22507 22550 207
22518 22554 224
22518 22544 212
22530 22565 209
22535 22544 54
22539 22563 2
22560 22605 145
22583 22631 55
22590 22640 217
22618 22666 299
22648 22658 236
22665 22694 299
22670 22686 287
22684 22728 263
22697 22707 172
22719 22731 40
22726 22770 260
22753 22767 9
22759 22788 172
22788 22823 209
22810 22814 162
22832 22860 287
22836 22837 274
22855 22858 174
22872 22886 98
22894 22902 130
22922 22928 177
22935 22951 220
22963 22977 124
22986 23006 133
22994 23044 37
23005 23027 143
23027 23029 189
23030 23066 281
23040 23049 9
23064 23072 286
23064 23074 185
23082 23106 67
23103 23136 291
23112 23153 267
23129 23166 69
23139 23142 195
23157 23185 27
23178 23210 123
23196 23197 250
23211 23251 187
23219 23249 283
23224 23273 91
23236 23262 118
23244 23284 99
23258 23264 256
23278 23297 46
23292 23339 64
23297 23347 128
23304 23351 239
23328 23353 209
23354 23360 69
23382 23391 255
23390 23425 11
23405 23426 237
23407 23427 42
23427 23457 1
23457 23458 18
23460 23484 97
23483 23491 108
23486 23534 35
23493 23507 179
23517 23555 250
23539 23560 185
23545 23560 39
23549 23552 128
23567 23580 233
23572 23574 72
23578 23623 281
23606 23625 290
23625 23652 205
23625 23649 84
23627 23632 6
23638 23652 267
23648 23665 148
23650 23675 187
23665 23683 30
23674 23684 173
23678 23713 58
23683 23727 115
23683 23685 182
23704 23706 205
23716 23765 32
23718 23743 283
23744 23788 265
23774 23782 70
23793 23838 245
23799 23841 92
23812 23825 250
23837 23872 82
23854 23890 294
23875 23914 297
23878 23919 149
23883 23921 168
23891 23894 61
23896 23921 175
23910 23916 154
23916 23950 101
23940 23967 233
23953 23988 223
23965 23989 93
23981 24008 276
24003 24036 298
24018 24058 28
24034 24044 58
24062 24099 93
24087 24090 73
24094 24107 49
24109 24136 84
24136 24149 58
24138 24154 5
24145 24165 149
24163 24212 284
24192 24195 210
24221 24241 30
24229 24272 199
24248 24266 136
24248 24264 191
24265 24300 237
24280 24314 172
24301 24344 263
24304 24333 204
24319 24360 294
24339 24375 284
24353 24377 112
24366 24383 182
24394 24427 207
24423 24463 55
24451 24478 259
24451 24460 171
24457 24482 57
24457 24490 106
24457 24483 276
24477 24513 191
24480 24494 73
24483 24495 269
24490 24510 40
24518 24526 237
24528 24570 296
24533 24560 239
24551 24569 179
24579 24626 240
24586 24632 74
24613 24661 17
24637 24659 59
24638 24675 141
24641 24652 90
24657 24680 128
24660 24709 180
24669 24680 120
24681 24687 177
24702 24720 296
24722 24733 88
24740 24768 287
24758 24778 174
24779 24803 217
24794 24835 16
24816 24857 258
24836 24859 77
24851 24899 35
24870 24875 53
24894 24900 136
24906 24916 248
24914 24963 111
24944 24982 194
24974 25005 134
24998 25001 216
25022 25055 160
25027 25072 229
25031 25077 283
25053 25059 277
25055 25083 182
25067 25113 12
25073 25112 53
25096 25114 215
25116 25161 144
25142 25181 218
25159 25175 201
25160 25181 64
25162 25208 90
25164 25165 184
25177 25185 185
25198 25203 289
25209 25252 100
25222 25268 224
25251 25297 114
25254 25272 107
25268 25279 195
25269 25307 68
25288 25328 298
25306 25352 56
25317 25324 140
25344 25373 79
25371 25418 106
25384 25415 79
25413 25450 81
25416 25452 207
25442 25456 55
25459 25475 153
25475 25488 270
25501 25544 156
25530 25538 70
25530 25552 229
25531 25552 221
25560 25586 226
25564 25613 187
25587 25619 97
25595 25641 85
25608 25617 270
25617 25655 31
25619 25637 221
25640 25646 170
25659 25671 133
25669 25670 161
25688 25729 247
25714 25718 179
25721 25750 293
25731 25764 149
25748 25763 199
25760 25809 76
25763 25797 49
25768 25808 30
25789 25811 181
25799 25803 199
25801 25834 13
25806 25807 210
25807 25825 6
25810 25835 20
25836 25877 4
25846 25881 230
25868 25890 206
25881 25911 8
25894 25936 139
25909 25948 157
25929 25954 207
25936 25980 219
25951 25997 251
25971 26003 79
25975 25990 3
25993 26040 10
26020 26038 201
26040 26058 96
26066 26115 185
26086 26092 92
26107 26144 300
26130 26170 35
26142 26190 139
26159 26194 259
26179 26220 131
26200 26208 240
26204 26218 110
26212 26249 252
26219 26237 42
26221 26222 226
26237 26279 194
26259 26291 228
26266 26280 27
26283 26306 203
26286 26311 137
26304 26342 186
26324 26349 135
26340 26350 20
26344 26374 119
26344 26392 77
26348 26377 298
26367 26397 218
26392 26426 11
26405 26412 61
26427 26430 113
26438 26486 151
26463 26503 85
26469 26473 98
26474 26499 65
26481 26496 73
26484 26508 67
26503 26512 71
26531 26563 153
26540 26547 286
26546 26582 155
26570 26590 25
26582 26595 69
26598 26629 279
26600 26645 300
26628 26637 53
26640 26658 189
26658 26708 41
26687 26726 13
26717 26761 197
26746 26793 90
26772 26804 291
26793 26796 206
26814 26821 32
26837 26882 84
26851 26892 245
26862 26909 103
26875 26882 270
26891 26932 10
26894 26898 97
26903 26946 245
26905 26922 8
26924 26964 231
26924 26960 215
26929 26943 30
26947 26986 13
26955 26989 128
26976 27010 208
26988 27038 140
26999 27030 222
27026 27047 12
27045 27049 298
27074 27100 27
27082 27107 41
27107 27138 238
27117 27132 32
27134 27173 237
27143 27190 144
27145 27178 138
27145 27181 197
27145 27181 42
27158 27205 93
27169 27187 46
27186 27188 199
27202 27224 194
27210 27237 203
27215 27227 184
27215 27231 84
27238 27284 282
27238 27277 47
27266 27273 195
27279 27290 53
27301 27350 146
27310 27342 45
27337 27375 269
27354 27391 159
27384 27428 70
27401 27439 75
27428 27438 13
27440 27453 58
27443 27490 249
27458 27501 66
27487 27532 245
27505 27542 132
27531 27538 238
27546 27587 72
27547 27580 227
27548 27556 31
27556 27561 90
27558 27566 286
27584 27613 44
27584 27614 273
27590 27630 256
27590 27623 261
27597 27647 264
27620 27632 3
27624 27662 282
27638 27668 111
27652 27687 76
27657 27699 255
27664 27672 181
27669 27709 140
27685 27719 178
27697 27716 254
27713 27734 151
27729 27770 15
27750 27759 16
27763 27773 276
27779 27805 159
27794 27821 177
27794 27835 64
27819 27835 206
27843 27878 284
27871 27920 219
27890 27924 222
27909 27911 46
27921 27927 171
27940 27979 39
27942 27976 65
27958 27974 66
27972 28015 297
27980 28007 266
28003 28033 225
28021 28045 175
28025 28073 65
28049 28054 289
28072 28120 142
28082 28110 87
28082 28084 61
28111 28119 176
28118 28142 15
28126 28176 297
28153 28194 49
28160 28191 214
28181 28212 31
28186 28227 271
28215 28218 203
28241 28252 162
28267 28300 194
28269 28309 270
28273 28286 173
28277 28287 171
28300 28315 234
28307 28331 67
28318 28360 218
28339 28369 298
28351 28400 230
28372 28378 232
28382 28400 78
28385 28418 262
28392 28413 154
28410 28431 19
28415 28430 113
28422 28443 73
28445 28494 229
28466 28494 103
28484 28533 177
28487 28519 142
28506 28544 254
28529 28538 190
28544 28556 51
28552 28581 292
28578 28614 234
28604 28631 1
28625 28659 253
28627 28657 203
28633 28654 166
28663 28702 68
28664 28692 226
28671 28674 261
28671 28706 203
28686 28712 227
28709 28730 17
28716 28721 21
28739 28750 67
28747 28794 253
28751 28759 297
28760 28776 176
28765 28783 38
28783 28819 69
28805 28843 37
28816 28844 68
28827 28839 188
28853 28903 127
28873 28906 20
28883 28930 158
28911 28956 229
28917 28963 43
28941 28957 42
28942 28954 56
28955 28964 225
28977 29012 273
28999 29016 202
29029 29030 257
29048 29088 110
29069 29071 107
29072 29079 25
29093 29138 13
29118 29167 90
29125 29145 87
29129 29172 182
29149 29174 88
29154 29198 121
29158 29173 22
29182 29213 83
29196 29215 61
29203 29232 131
29204 29231 130
29225 29264 300
29243 29270 53
29261 29304 141
29282 29319 104
29303 29326 58
29307 29352 131
29308 29322 270
29320 29331 94
29334 29341 114
29340 29355 142
29361 29370 11
29361 29381 11
29362 29365 298
29390 29415 52
29399 29405 137
29419 29425 235
29429 29430 279
29443 29458 67
29463 29510 231
29472 29513 114
29489 29499 236
29495 29500 53
29495 29512 37
29504 29507 288
29508 29541 30
29525 29531 298
29526 29532 213
29544 29585 256
29574 29588 227
29589 29597 194
29616 29617 115
29628 29639 171
29654 29673 38
29682 29686 16
29689 29721 12
29696 29738 271
29702 29710 69
29702 29751 212
29709 29746 45
29737 29741 194
29759 29760 211
29766 29786 7
29772 29803 80
29794 29799 221
29820 29858 217
29841 29883 19
29846 29868 196
29859 29872 290
29878 29925 93
29904 29905 226
29934 29981 286
29956 29983 53
29968 29971 192
29992 30017 298
30007 30056 69
30018 30046 190
30025 30068 185
30051 30075 236
30053 30088 75
30073 30080 254
30087 30119 251
30090 30123 90
30112 30154 67
30127 30171 286
30146 30187 33
30175 30192 160
30186 30204 198
30205 30238 148
30209 30251 300
30216 30232 220
30217 30252 264
30224 30240 51
30241 30254 217
30267 30305 161
30272 30287 152
30287 30331 78
30301 30351 77
30305 30352 16
30311 30316 25
30329 30345 36
30349 30396 165
30372 30379 71
30394 30422 116
30415 30456 137
30443 30493 59
30469 30485 236
30491 30505 162
30514 30555 139
30535 30558 262
30535 30583 87
30548 30596 137
30578 30626 181
30593 30620 27
30600 30634 173
30606 30645 102
30613 30624 21
30621 30634 58
30635 30682 48
30639 30654 201
30657 30671 150
30679 30721 203
30692 30701 140
30705 30716 98
30728 30735 126
30758 30761 40
30760 30763 14
30777 30802 153
30787 30811 261
30795 30819 121
30795 30831 169
30802 30806 238
30815 30833 67
30830 30848 22
30835 30868 155
30839 30854 112
30868 30889 48
30875 30909 222
30905 30948 12
30926 30950 59
30941 30943 76
30951 30996 275
30952 31002 162
30952 30994 80
30969 30991 292
30974 30988 59
30997 31002 66
31009 31025 280
31015 31047 223
31033 31058 128
31054 31100 100
31056 31095 4
31066 31090 222
31074 31080 269
31085 31123 53
31092 31119 127
31116 31145 205
31141 31167 175
31141 31191 124
31147 31188 17
31156 31157 230
31164 31184 125
31175 31217 7
31181 31182 101
31209 31220 87
31222 31253 107
31228 31249 149
31245 31284 269
31251 31282 255
31272 31311 232
31293 31311 178
31299 31340 197
31313 31363 73
31315 31318 233
31331 31343 137
31342 31346 286
31343 31375 187
31363 31390 82
31370 31384 66
31381 31399 17
31402 31422 31
31427 31459 201
31433 31461 85
31452 31458 219
31468 31472 213
31473 31520 48
31490 31505 285
31494 31509 295
31500 31535 278
31519 31552 151
31532 31565 102
31540 31589 61
31544 31570 63
31572 31577 285
31602 31626 43
31614 31643 298
31625 31634 151
31650 31686 79
31662 31684 244
31666 31687 126
31680 31719 212
31700 31711 107
31715 31753 84
31739 31761 285
31757 31768 145
31763 31812 300
31779 31800 175
31788 31810 66
31790 31804 229
31811 31819 263
31836 31855 213
31842 31861 154
31869 31918 274
31882 31904 240
31891 31909 43
31906 31918 77
31921 31930 209
31932 31952 69
31937 31983 128
31942 31981 180
31959 31976 284
31988 32015 243
32014 32064 6
32031 32061 167
32048 32065 214
32049 32095 231
32066 32068 250
32079 32083 90
32094 32135 262
32105 32149 293
32112 32135 167
32117 32133 58
32141 32150 46
32145 32183 221
32160 32199 1
32167 32186 103
32181 32216 28
32207 32254 154
32216 32264 242
32245 32278 220
32259 32289 131
32267 32312 239
32283 32325 32
32304 32338 255
32327 32377 280
32347 32375 280
32348 32365 247
32352 32395 284
32363 32390 58
32377 32422 32
32404 32408 229
32415 32444 62
32422 32423 24
32449 32478 34
32449 32461 218
32469 32515 15
32499 32535 75
32526 32561 96
32537 32553 264
32561 32593 188
32564 32572 117
32571 32613 50
32596 32640 273
32600 32601 103
32606 32620 224
32623 32671 171
32635 32636 278
32649 32686 204
32654 32687 79
32665 32691 228
32689 32725 35
32718 32733 158
32741 32773 139
32742 32750 210
32752 32792 250
32777 32793 86
32805 32833 124
32829 32845 219
32849 32857 177
32863 32864 43
32882 32885 72
32895 32913 83
32917 32940 128
32944 32983 130
32969 33008 186
32985 33009 251
33003 33014 207
33020 33058 124
33037 33048 168
33046 33054 141
33060 33096 6
33085 33104 84
33101 33106 298
33102 33113 181
33130 33171 248
33144 33156 257
33145 33164 168
33164 33186 264
33192 33194 127
33201 33203 220
33210 33211 291
33225 33270 277
33248 33272 297
33268 33278 142
33280 33288 166
33309 33323 215
33318 33355 117
33336 33370 193
33344 33393 267
33354 33368 152
33355 33392 38
33385 33434 232
33387 33414 61
33392 33440 227
33413 33416 103
33428 33447 82
33447 33486 206
33457 33480 86
33470 33518 8
33472 33500 22
33481 33485 89
33492 33528 198
33495 33522 199
33514 33544 148
33533 33557 163
33554 33576 62
33555 33577 79
33572 33588 212
33577 33599 176
33586 33589 294
33599 33610 99
33624 33633 137
33652 33689 240
33656 33678 133
33662 33664 27
33672 33677 210
33681 33718 59
33710 33729 80
33723 33758 197
33730 33740 4
33751 33754 98
33768 33806 125
33796 33844 238
33796 33836 55
33796 33797 274
33820 33866 225
33850 33890 129
33880 33906 251
33885 33924 214
33885 33906 46
33902 33915 49
33926 33928 15
33939 33956 5
33966 33971 159
33984 34024 34
33996 34020 25
34019 34034 129
34036 34079 92
34058 34108 244
34074 34099 165
34087 34101 153
34087 34118 78
34115 34128 226
34122 34146 11
34149 34154 120
34174 34189 197
34183 34187 88
34205 34232 71
34231 34241 2
34248 34284 293
34250 34253 258
34258 34306 250
34258 34277 108
34274 34305 183
34289 34306 237
34314 34328 18
34338 34357 73
34347 34352 242
34360 34410 219
34386 34391 101
34390 34411 136
34395 34423 121
34398 34408 44
34412 34445 143
34429 34451 280
34429 34466 245
34455 34473 121
34470 34505 34
34496 34517 153
34525 34527 140
34533 34570 63
34556 34557 61
34577 34593 40
34590 34604 7
34606 34651 39
34621 34658 253
34630 34674 221
34654 34669 268
34676 34695 149
34705 34755 204
34729 34763 158
34733 34774 243
34760 34775 174
34760 34795 293
34786 34818 172
34809 34821 110
34835 34858 243
34861 34904 81
34877 34907 32
34901 34910 205
34907 34933 262
34915 34934 213
34938 34943 182
34963 35004 268
34968 34997 286
34969 35016 214
34987 35015 239
35009 35032 198
35034 35080 224
35049 35078 295
35060 35088 197
35075 35080 272
35076 35121 232
35096 35112 259
35122 35164 281
35149 35153 45
35162 35192 53
35180 35230 34
35183 35195 271
35189 35204 293
35215 35259 205
35222 35271 139
35250 35270 80
35261 35287 272
35287 35292 104
35300 35301 30
35318 35341 237
35344 35365 189
35354 35402 148
35384 35432 169
35396 35410 16
35409 35427 156
35438 35467 54
35448 35472 139
35452 35453 49
35461 35483 25
35469 35516 42
35493 35507 258
35516 35536 224
35524 35568 146
35551 35594 246
35573 35581 259
35593 35622 52
35607 35613 58
35629 35659 149
35634 35678 73
35657 35693 64
35675 35680 285
35692 35733 165
35707 35746 145
35737 35767 47
35739 35784 252
35750 35771 174
35773 35799 143
35782 35824 60
35804 35827 31
35806 35847 111
35818 35824 115
35837 35841 264
35855 35860 120
35856 35903 122
35862 35902 240
35878 35921 292
35885 35904 103
35890 35939 234
35897 35937 157
35904 35930 16
35918 35965 8
35920 35925 261
35941 35956 67
35961 35977 169
35965 35977 120
35980 36020 48
36002 36009 207
36024 36062 81
36046 36062 38
36047 36051 87
36071 36120 28
36084 36128 34
36084 36098 244
36112 36155 274
36138 36157 162
36166 36183 112
36187 36203 136
36204 36243 257
36232 36258 136
36245 36255 205
36251 36264 130
36269 36284 249
36279 36313 161
36288 36296 190
36290 36294 65
36305 36348 72
36322 36330 183
36341 36348 145
36357 36358 128
36374 36414 49
36402 36421 137
36405 36444 290
36411 36440 130
36428 36471 191
36452 36455 123
36471 36512 26
36499 36516 140
36517 36544 121
36520 36546 130
36534 36540 53
36560 36603 103
36562 36585 286
36563 36592 274
36571 36584 130
36588 36636 4
36611 36653 253
36622 36627 243
36647 36689 158
36652 36691 57
36674 36715 102
36692 36722 252
36720 36761 84
36747 36749 119
36765 36806 244
36783 36814 276
36792 36797 286
36805 36814 25
36817 36819 296
36818 36832 244
36823 36827 116
36838 36866 161
36840 36851 293
36862 36864 250
36880 36912 65
36891 36901 239
36900 36941 132
36907 36932 234
36937 36976 41
36965 37002 177
36983 37001 243
37002 37014 221
37016 37037 254
37035 37036 41
37042 37048 178
37065 37076 41
37079 37122 24
37084 37093 260
37108 37121 167
37123 37148 207
37148 37151 30
37176 37203 22
37203 37235 85
37210 37217 63
37214 37217 120
37221 37228 150
37224 37230 296
37243 37278 118
37246 37296 99
37260 37275 59
37270 37288 226
37289 37304 89
37298 37337 24
37302 37322 126
37331 37368 9
37349 37383 12
37359 37385 159
37360 37366 102
37373 37384 223
37398 37402 233
37414 37431 232
37417 37424 292
37435 37467 145
37457 37476 293
37486 37491 166
37512 37518 278
37538 37576 72
37547 37551 126
37570 37620 254
37587 37610 263
37617 37631 191
37641 37666 222
37659 37671 212
37668 37679 66
37676 37711 47
37686 37712 86
37687 37729 220
37717 37736 210
37747 37782 98
37769 37773 155
37798 37807 132
37828 37840 126
37856 37868 59
37865 37891 250
37872 37881 113
37902 37931 54
37920 37928 124
37947 37954 290
37969 37976 186
37974 37995 292
37991 37999 40
38011 38042 216
38035 38037 297
38053 38094 84
38053 38082 258
38069 38089 299
38096 38116 119
38096 38118 13
38124 38129 6
38146 38178 69
38148 38179 135
38170 38219 234
38199 38236 179
38209 38247 178
38228 38240 283
38251 38255 153
38278 38289 291
38292 38298 29
38314 38326 177
38338 38373 288
38360 38404 145
38386 38430 202
38416 38445 50
38438 38480 264
38457 38485 164
38478 38484 196
38481 38523 280
38491 38520 195
38508 38550 248
38522 38538 181
38536 38537 269
38550 38566 282
38554 38580 231
38554 38602 256
38580 38581 180
38582 38619 37
38598 38646 45
38623 38631 127
38639 38687 3
38653 38666 171
38675 38712 265
38680 38728 96
38688 38721 60
38704 38720 73
38705 38733 173
38728 38769 53
38730 38743 66
38743 38777 217
38767 38812 247
38787 38799 69
38793 38830 83
38812 38840 121
38838 38873 268
38842 38873 106
38854 38878 96
38875 38922 82
38881 38889 109
38896 38900 31
38924 38961 272
38940 38961 255
38970 38980 39
38985 39002 221
39011 39042 76
39034 39075 255
39043 39083 46
39062 39092 218
39085 39111 119
39110 39117 233
39116 39139 44
39116 39153 132
39141 39143 7
39151 39164 233
39152 39191 242
39180 39205 240
39193 39228 278
39201 39241 167
39223 39271 144
39231 39275 157
39249 39292 219
39252 39290 10
39257 39277 276
39268 39292 165
39289 39327 272
39296 39322 138
39301 39306 61
39329 39342 48
39339 39385 257
39357 39367 40
39381 39389 225
39397 39405 287
39418 39438 56
39431 39459 181
39453 39479 109
39482 39490 35
39494 39514 199
39515 39552 144
39523 39569 42
39541 39550 33
39544 39581 77
39567 39573 6
39582 39608 67
39590 39596 270
39597 39628 268
39600 39602 91
39614 39635 133
39629 39674 21
39657 39664 5
39675 39692 279
39700 39733 78
39716 39752 111
39734 39744 157
39762 39801 206
39783 39791 194
39799 39821 111
39828 39858 70
39848 39851 82
39869 39915 294
39899 39904 13
39909 39936 24
39927 39970 75
39932 39957 51
39932 39945 176
39938 39946 115
39946 39990 165
39952 39953 13
39964 39995 93
39988 40011 84
40004 40020 28
40023 40033 97
40025 40060 67
40051 40065 141
40076 40097 212
40093 40094 256
40104 40133 135
40109 40154 31
40115 40127 1
40141 40152 225
40143 40163 145
40159 40197 192
40181 40182 143
40197 40222 145
40224 40273 293
40242 40247 266
40268 40301 141
40289 40290 106
40319 40368 116
40338 40379 13
40357 40400 119
40382 40398 197
40391 40441 58
40395 40421 235
40416 40456 167
40438 40470 153
40468 40479 139
40493 40528 23
40502 40518 162
40515 40563 207
40534 40580 87
40536 40539 191
40536 40560 62
40544 40566 243
40557 40596 157
40578 40600 207
40581 40619 180
40607 40624 262
40629 40650 157
40647 40691 174
40660 40707 71
40684 40700 158
40701 40749 65
40709 40712 293
40739 40784 291
40739 40773 19
40768 40808 104
40798 40825 121
40799 40822 287
40828 40844 38
40830 40861 276
40835 40884 22
40848 40893 75
40858 40870 131
40873 40879 100
40893 40935 147
40899 40906 89
40927 40938 116
40937 40966 108
40957 40991 153
40981 41028 74
40997 41022 52
41020 41037 52
41021 41049 286
41022 41040 16
41039 41063 92
41063 41099 47
41083 41130 4
41105 41154 204
41114 41123 65
41119 41144 8
41131 41143 66
41155 41204 290
41182 41195 40
41192 41210 231
41195 41243 280
41198 41244 30
41216 41262 259
41226 41237 265
41238 41248 22
41259 41297 83
41265 41278 105
41278 41327 265
41286 41297 195
41316 41358 204
41345 41391 19
41372 41396 89
41391 41422 115
41401 41410 28
41414 41462 137
41423 41451 237
41424 41469 244
41429 41474 222
41448 41491 9
41450 41472 238
41450 41474 76
41455 41481 295
41460 41481 280
41460 41495 228
41466 41481 79
41484 41523 190
41485 41498 30
41492 41528 146
41515 41528 142
41533 41578 35
41540 41546 22
41549 41571 66
41567 41617 74
41597 41637 202
41606 41628 166
41629 41666 75
41656 41667 46
41657 41693 81
41671 41693 166
41685 41712 253
41687 41695 250
41700 41729 41
41715 41722 69
41736 41784 276
41754 41785 257
41775 41789 238
41779 41807 119
41788 41793 52
41793 41798 299
41806 41823 121
41826 41858 53
41845 41891 187
41873 41915 156
41900 41935 59
41903 41909 25
41931 41943 3
41957 42001 66
41973 42004 249
41990 42038 264
41995 42038 3
42001 42041 252
42021 42056 93
42044 42081 254
42074 42116 106
42084 42095 185
42096 42132 237
42099 42104 143
42120 42127 280
42140 42153 146
42149 42158 281
42171 42213 214
42175 42187 26
42195 42198 99
42219 42221 136
42219 42239 242
42233 42244 221
42255 42257 216
42275 42277 164
42291 42302 248
42317 42340 237
42335 42336 285
42354 42366 8
42360 42390 157
42379 42390 123
42394 42429 272
42402 42415 279
42430 42450 262
42454 42487 99
42481 42488 67
42495 42503 158
42503 42519 181
42523 42554 106
42545 42580 107
42551 42574 134
42551 42581 99
42580 42623 25
42590 42592 252
42605 42626 30
42635 42680 179
42641 42691 123
42650 42662 278
42679 42706 242
42691 42708 236
42720 42728 274
42722 42741 98
42728 42766 51
42753 42794 2
42762 42792 63
42787 42805 283
42805 42812 33
42829 42869 279
42854 42895 223
42857 42864 259
42868 42899 21
42875 42904 50
42895 42937 209
42908 42946 11
42935 42953 70
42935 42948 172
42938 42972 227
42946 42970 164
42946 42958 300
42962 43002 46
42976 43026 20
42996 43043 164
43004 43043 126
43018 43052 92
43045 43054 188
43063 43065 156
43074 43101 3
43099 43106 177
43102 43122 206
43109 43128 172
43138 43188 41
43146 43152 4
43156 43158 127
43172 43188 184
43188 43198 177
43199 43200 131
43225 43243 6
43254 43288 241
43276 43304 160
43281 43331 203
43294 43315 16
43319 43364 62
43327 43353 127
43333 43375 9
43340 43388 192
43360 43386 67
43379 43407 76
43404 43448 75
43413 43440 227
43423 43429 11
43435 43485 257
43438 43446 184
43451 43480 189
43464 43510 280
43470 43481 283
43471 43491 242
43489 43490 118
43516 43539 288
43533 43558 278
43548 43554 134
43573 43613 17
43597 43628 89
43612 43646 69
43617 43654 251
43641 43671 185
43642 43654 98
43660 43678 229
43660 43699 237
43687 43712 205
43705 43743 222
43717 43748 274
43723 43730 130
43735 43763 12
43760 43806 219
43768 43814 280
43795 43815 252
43799 43846 4
43827 43832 227
43843 43855 135
43851 43865 160
43877 43916 136
43878 43925 107
43898 43944 126
43921 43954 280
43931 43936 217
43953 43967 235
43979 44029 246
43994 44011 60
44002 44042 221
44008 44046 159
44026 44044 85
44032 44070 83
44056 44096 118
44069 44075 126
44094 44128 48
44099 44127 284
44108 44131 27
44117 44143 20
44118 44165 251
44138 44178 91
44147 44161 174
44149 44153 294
44174 44202 119
44181 44200 157
44199 44217 160
44204 44213 40
44215 44260 97
44228 44235 250
44237 44265 238
44242 44289 127
44263 44289 238
44267 44281 255
44277 44318 15
44289 44323 281
44294 44302 173
44294 44332 60
44321 44332 100
44326 44345 39
44331 44350 85
44348 44350 96
44363 44383 182
44365 44407 239
44378 44408 181
44408 44427 216
44410 44442 215
44432 44474 203
44437 44482 80
44453 44500 234
44480 44497 210
44505 44530 288
44529 44563 59
44558 44585 183
44564 44604 188
44577 44587 69
44594 44603 233
44597 44621 164
44600 44645 169
44622 44624 15
44641 44688 86
44669 44717 131
44678 44679 102
44678 44725 290
44678 44722 279
44689 44729 194
44704 44710 45
44711 44727 146
44741 44749 37
44749 44784 118
44759 44783 91
44763 44798 266
44789 44791 138
44793 44798 228
44804 44814 206
44823 44824 58
44841 44885 21
44844 44851 296
44868 44906 5
44883 44911 105
44896 44899 27
44918 44934 141
44943 44974 249
44952 44971 116
44970 45014 93
44980 45016 73
44997 44998 171
45027 45062 87
45034 45065 4
45060 45091 284
45077 45121 146
45089 45116 282
45103 45138 253
45131 45150 19
45142 45167 107
45159 45198 106
45173 45196 190
45187 45192 178
45190 45216 181
45219 45268 92
45248 45265 206
45249 45263 106
45256 45269 130
45257 45294 112
45261 45266 38
45262 45268 118
45270 45297 225
45279 45295 236
45287 45289 222
45302 45335 87
45308 45343 40
45308 45326 286
45310 45357 244
45323 45348 101
45338 45383 203
45340 45381 160
45362 45382 17
45370 45388 142
45370 45398 52
45386 45421 297
45386 45422 121
45414 45444 119
45414 45448 156
45422 45433 14
45449 45492 27
45469 45490 81
45487 45535 43
45515 45526 116
45525 45566 120
45528 45555 164
45528 45532 17
45556 45604 72
45564 45565 20
45586 45602 48
45608 45621 288
45610 45639 170
45629 45635 32
45652 45660 135
45657 45681 168
45659 45662 244
45674 45704 95
45687 45705 186
45701 45729 288
45705 45751 202
45727 45744 298
45752 45773 61
45782 45824 89
45800 45847 204
45803 45805 46
45808 45827 140
45819 45866 222
45837 45858 72
45853 45876 228
45870 45896 239
45896 45937 57
45921 45925 11
45939 45945 115
45955 45989 272
45978 46016 200
45990 45998 214
46007 46028 188
46024 46069 174
46049 46082 268
46055 46065 14
46058 46101 287
46062 46105 200
46092 46121 85
46092 46142 210
46095 46111 102
46110 46127 6
46140 46163 115
46146 46150 16
46164 46214 171
46184 46190 74
46192 46199 299
46218 46255 169
46236 46266 125
46264 46272 202
46269 46292 138
46269 46287 63
46286 46292 143
46300 46319 19
46301 46346 257
46301 46318 25
46330 46331 109
46330 46349 245
46335 46378 97
46339 46379 108
46361 46374 195
46375 46404 288
46389 46397 50
46416 46420 204
46445 46455 278
46445 46478 191
46470 46488 149
46479 46506 122
46502 46539 67
46520 46536 257
46530 46532 127
46532 46542 149
46551 46555 190
46573 46601 220
46574 46604 125
46592 46628 112
46618 46662 276
46632 46633 23
46634 46637 212
46644 46690 222
46652 46654 249
46679 46703 154
46695 46715 212
46697 46742 204
46702 46744 34
46729 46730 9
46736 46780 38
46749 46766 15
46757 46769 71
46773 46800 245
46773 46783 241
46774 46806 159
46785 46810 176
46786 46814 81
46802 46827 30
46832 46879 67
46859 46860 186
46881 46889 260
46891 46914 138
46896 46908 214
46920 46940 62
46926 46946 83
46945 46947 78
46966 47007 59
46994 47021 121
47001 47025 72
47023 47048 108
47027 47067 90
47046 47090 282
47068 47078 95
47084 47114 242
47090 47110 250
47109 47137 22
47118 47126 42
47148 47179 283
47174 47192 209
47201 47230 22
47230 47268 109
47251 47255 117
47255 47266 236
47256 47281 207
47282 47291 137
47310 47329 107
47314 47325 64
47339 47366 97
47363 47375 153
47374 47423 152
47384 47420 281
47403 47430 281
47418 47448 21
47420 47440 238
47427 47466 136
47450 47483 222
47470 47514 187
47496 47537 123
47523 47555 179
47545 47565 194
47551 47584 26
47560 47572 150
47561 47604 40
47561 47568 10
47577 47619 23
47583 47624 199
47589 47637 206
47609 47610 16
47628 47651 195
47652 47684 75
47652 47689 13
47673 47704 171
47696 47730 119
47709 47723 58
47725 47764 182
47728 47745 264
47736 47751 60
47746 47762 236
47764 47796 222
47778 47787 195
47806 47809 23
47835 47849 24
47852 47890 117
47853 47877 41
47858 47876 146
47860 47868 114
47888 47915 68
47902 47914 263
47918 47966 79
47946 47993 17
47962 48002 21
47967 47978 60
47987 48037 43
47989 48033 282
48012 48040 114
48019 48040 101
48028 48035 107
48056 48082 163
48064 48076 133
48093 48099 36
48104 48126 200
48133 48181 217
48137 48140 249
48156 48185 28
48163 48170 221
48179 48192 142
48199 48243 233
48203 48209 102
48208 48254 150
48225 48232 34
48226 48263 110
48242 48259 52
48271 48296 163
48291 48298 294
48317 48327 178
48340 48381 234
48358 48363 212
48385 48399 233
48414 48456 25
48441 48467 8
48468 48486 215
48469 48487 232
48477 48497 295
48483 48496 276
48484 48507 238
48494 48530 75
48517 48558 201
48529 48551 243
48550 48579 125
48550 48573 45
48560 48565 168
48560 48574 161
48586 48635 15
48604 48611 299
48623 48634 167
48652 48653 35
48664 48689 284
48677 48713 226
48693 48717 42
48703 48708 136
48715 48719 262
48722 48733 96
48729 48764 243
48757 48790 273
48760 48767 81
48774 48812 226
48779 48808 7
48803 48814 191
48827 48874 32
48854 48878 129
48858 48877 210
48879 48929 247
48902 48921 40
48930 48976 78
48953 48961 243
48983 48984 120
48995 49001 134
49023 49069 12
49047 49064 132
49067 49104 8
49067 49102 116
49082 49100 161
49085 49088 273
49105 49146 177
49115 49128 189
49136 49156 49
49164 49203 97
49172 49212 293
49174 49218 202
49204 49250 226
49208 49227 109
49235 49247 25
49256 49301 185
49257 49292 145
49278 49327 109
49280 49314 193
49303 49317 56
49319 49355 91
49334 49379 164
49349 49369 255
49378 49397 111
49398 49414 23
49403 49443 9
49416 49436 274
49418 49430 59
49445 49459 51
49454 49474 15
49469 49479 181
49489 49523 71
49512 49542 37
49531 49567 256
49556 49602 271
49567 49607 158
49578 49593 274
49608 49645 238
49622 49663 255
49625 49632 98
49653 49703 12
49655 49677 226
49659 49679 67
49661 49696 39
49690 49719 134
49698 49727 181
49728 49750 282
49738 49741 140
49757 49786 117
49780 49811 213
49794 49796 95
49817 49852 95
49840 49866 222
49867 49872 221
49889 49912 108
49902 49931 258
49928 49974 239
49933 49957 228
49952 49993 291
49975 50007 95
50001 50017 21
50011 50039 182
50032 50034 198
50043 50056 227
50070 50092 93
50078 50098 45
50097 50117 141
50104 50143 23
50128 50178 106
50149 50196 53
50155 50176 4
50173 50209 218
50179 50187 50
50194 50216 77
50223 50270 147
50232 50260 180
50243 50290 82
50265 50290 264
50267 50268 253
50270 50303 290
50296 50317 81
50305 50337 91
50308 50313 129
50330 50345 218
50347 50354 73
50347 50379 14
50351 50392 293
50376 50397 299
50385 50401 252
50390 50400 175
50412 50434 279
50432 50460 217
50452 50479 174
50462 50499 121
50472 50485 211
50477 50511 150
50481 50519 159
50481 50518 51
50501 50525 264
50521 50567 86
50543 50545 96
50573 50605 18
50602 50610 46
50612 50632 72
50635 50644 108
50642 50666 234
50653 50694 82
50657 50681 62
50671 50700 249
50680 50693 187
50685 50704 40
50692 50735 157
50716 50753 109
50732 50740 121
50736 50757 113
50748 50777 116
50753 50770 299
50777 50808 119
50802 50845 112
50822 50868 283
50842 50843 278
50872 50886 159
50886 50915 275
50911 50955 242
50914 50946 104
50917 50934 71
50931 50943 146
50939 50978 52
50948 50980 15
50978 50998 163
51003 51034 98
51013 51032 153
51022 51025 280
51033 51059 271
51060 51062 77
51089 51099 102
51111 51152 111
51123 51132 42
51138 51181 237
51151 51196 214
51168 51202 71
51183 51192 36
51210 51260 8
51229 51261 132
51237 51280 94
51246 51283 69
51274 51287 112
51278 51326 249
51292 51322 200
51308 51326 78
51324 51336 228
51350 51363 230
51358 51385 21
51363 51404 26
51391 51392 101
51396 51431 280
51426 51458 11
51433 51437 43
51450 51500 119
51458 51486 270
51476 51512 227
51479 51481 12
51480 51488 59
51496 51497 119
51521 51545 32
51540 51566 274
51564 51596 201
51588 51600 3
51618 51643 60
51634 51645 65
51653 51685 51
51677 51684 279
51694 51723 94
51704 51740 271
51733 51779 28
51742 51752 218
51751 51788 57
51777 51780 135
51783 51785 64
51802 51832 88
51821 51855 166
51844 51865 74
51847 51861 274
51861 51862 176
51884 51895 129
51902 51930 254
51924 51962 205
51937 51978 242
51967 52015 117
51989 52014 232
52008 52010 192
52032 52036 85
52045 52064 67
52064 52097 269
52091 52120 62
52111 52118 210
52120 52129 273
52144 52186 170
52172 52194 67
52200 52226 103
52200 52202 220
52210 52213 216
52219 52234 196
52226 52275 165
52252 52289 218
52277 52280 113
52292 52334 171
52319 52328 48
52321 52355 151
52327 52360 145
52332 52359 8
52340 52369 229
52347 52355 57
52368 52412 49
52390 52430 138
52391 52436 140
52399 52447 175
52417 52432 40
52446 52447 145
52449 52454 133
52452 52490 82
52469 52500 110
52472 52477 86
52488 52513 157
52517 52543 246
52528 52540 199
52539 52552 247
52566 52589 138
52584 52590 87
52602 52617 113
52620 52633 60
52627 52642 34
52653 52655 6
52680 52705 190
52692 52698 260
52704 52735 165
52719 52741 276
52729 52744 51
52754 52800 193
52757 52785 181
52776 52786 167
52779 52801 274
52786 52816 43
52793 52842 124
52819 52838 93
52845 52857 83
52852 52895 105
52881 52892 207
52884 52887 222
52912 52916 236
52933 52966 45
52945 52964 134
52949 52984 213
52961 52978 116
52967 52974 27
52993 53039 9
53017 53053 154
53044 53050 149
53057 53102 251
53075 53112 49
53086 53091 104
53101 53142 247
53110 53112 119
53139 53152 199
53140 53183 75
53167 53214 109
53194 53219 121
53199 53238 253
53199 53239 92
53201 53205 21
53204 53239 242
53234 53244 147
53235 53285 66
53261 53285 283
53267 53288 8
53288 53299 213
53297 53311 152
53320 53333 158
53327 53364 65
53342 53350 300
53367 53394 124
53397 53432 173
53410 53435 119
53413 53432 195
53424 53450 109
53447 53470 26
53458 53502 121
53483 53513 105
53486 53531 223
53512 53552 131
53525 53528 264
53526 53549 55
53553 53577 220
53572 53576 181
53579 53626 135
53601 53614 280
53630 53648 209
53655 53658 168
53668 53690 282
53669 53686 3
53691 53694 203
53714 53748 136
53715 53727 155
53744 53776 66
53746 53771 274
53762 53784 139
53776 53793 212
53784 53808 265
53808 53840 254
53811 53847 298
53811 53844 89
53815 53827 198
53827 53857 188
53834 53852 273
53863 53865 128
53882 53902 26
53900 53924 6
53902 53937 17
53913 53946 174
53926 53947 210
53946 53983 92
53966 53967 5
53983 53993 63
53993 54036 231
54020 54032 80
54028 54048 270
54043 54067 13
54048 54063 110
54068 54111 4
54076 54085 166
54089 54132 53
54108 54127 296
54124 54167 23
54144 54181 123
54174 54188 166
54189 54215 163
54204 54233 175
54224 54246 256
54241 54266 230
54260 54273 185
54274 54281 107
54293 54334 34
54306 54324 99
54313 54320 24
54328 54333 151
54340 54379 32
54363 54388 299
54382 54399 183
54392 54422 42
54395 54434 14
54400 54414 200
54418 54446 19
54427 54466 119
54436 54469 210
54461 54476 229
54462 54500 16
54473 54504 197
54479 54511 201
54508 54557 294
54537 54540 208
54565 54612 10
54571 54575 167
54585 54607 159
54605 54608 238
54620 54625 51
54625 54630 34
54652 54672 126
54680 54716 274
54694 54723 204
54700 54721 169
54725 54760 40
54735 54761 261
54762 54766 254
54781 54797 113
54799 54834 133
54823 54865 107
54834 54877 179
54860 54865 90
54870 54871 56
54870 54911 249
54883 54909 292
54905 54906 30
54917 54941 199
54936 54942 209
54965 55009 88
54988 55028 16
55013 55042 147
55041 55044 243
55051 55080 113
55052 55076 173
55072 55119 82
55082 55091 67
55100 55123 104
55102 55114 222
55104 55114 5
55121 55161 114
55137 55142 178
55153 55202 229
55158 55186 246
55162 55195 258
55164 55207 119
55186 55232 81
55196 55226 102
55198 55210 130
55198 55205 155
55223 55270 254
55247 55265 130
55264 55282 49
55288 55308 71
55317 55337 90
55345 55384 101
55368 55412 50
55392 55409 155
55392 55438 233
55397 55447 184
55404 55405 260
55414 55454 184
55415 55426 80
55445 55494 68
55467 55473 31
55477 55485 62
55501 55543 176
55527 55562 298
55532 55575 224
55541 55583 173
55554 55558 106
55562 55594 181
55563 55593 142
55583 55610 161
55597 55613 109
55601 55638 156
55612 55628 255
55614 55664 227
55634 55679 57
55651 55693 191
55658 55660 188
55677 55697 196
55703 55705 51
55723 55735 222
55737 55741 176
55767 55768 112
55792 55806 229
55803 55845 76
55828 55860 162
55853 55875 22
55864 55900 177
55893 55921 211
55910 55960 243
55910 55943 248
55925 55931 193
55953 55985 182
55981 56014 163
55982 56001 234
55995 56012 266
56025 56026 187
56042 56049 233
56060 56103 204
56085 56094 110
56107 56138 34
56116 56146 96
56145 56177 287
56150 56184 88
56170 56198 198
56181 56190 72
56197 56231 259
56202 56221 248
56231 56240 83
56239 56241 128
56251 56259 185
56261 56272 287
56269 56274 101
56286 56309 151
56290 56331 72
56296 56326 2
56315 56340 257
56333 56378 35
56358 56380 38
56358 56361 185
56385 56390 55
56404 56415 89
56411 56412 219
56419 56420 251
56441 56476 256
56459 56475 281
56478 56523 76
56488 56517 295
56511 56549 121
56512 56515 267
56523 56570 31
56535 56562 90
56550 56560 254
56557 56586 198
56570 56595 226
56573 56612 253
56600 56629 86
56605 56654 163
56619 56638 97
56625 56666 19
56652 56671 224
56664 56683 263
56693 56712 298
56719 56757 89
56725 56749 106
56746 56768 185
56756 56773 85
56772 56786 251
56790 56808 21
56801 56804 84
56814 56838 157
56837 56844 180
56854 56879 27
56884 56931 50
56909 56937 232
56917 56923 181
56923 56929 46
56938 56957 54
56956 56980 209
56984 57025 57
56998 57005 172
57021 57034 137
57034 57046 147
57054 57059 52
57074 57085 284
57081 57125 259
57100 57122 221
57114 57127 152
57134 57167 5
57144 57190 128
57152 57180 281
57160 57195 184
57178 57194 227
57181 57192 162
57202 57237 13
57230 57261 173
57260 57300 20
57290 57312 140
57293 57327 247
57305 57344 165
57326 57366 26
57356 57361 134
57377 57397 148
57387 57407 44
57408 57417 155
57434 57437 99
57444 57463 222
57464 57467 2
57471 57472 126
57500 57523 282
57520 57545 118
57542 57574 40
57546 57559 176
57562 57604 143
57582 57602 280
57590 57639 134
57614 57623 181
57623 57667 109
57639 57673 276
57639 57688 102
57667 57699 123
57678 57692 102
57698 57707 142
57706 57738 295
57723 57755 127
57749 57767 226
57770 57789 134
57799 57834 60
57826 57852 159
57847 57848 58
57871 57921 63
57874 57911 231
57899 57916 49
57902 57910 88
57916 57965 191
57931 57943 247
57940 57989 219
57942 57968 50
57960 57982 55
57970 58002 215
57983 58006 40
58012 58037 25
58029 58058 7
58032 58039 255
58052 58084 80
58053 58096 147
58081 58101 255
58101 58117 59
58127 58137 204
58143 58190 184
58168 58192 262
58173 58192 146
58192 58201 158
58222 58243 108
58228 58240 157
58234 58270 4
58247 58290 286
58263 58305 195
58266 58298 45
58274 58293 181
58275 58296 145
58285 58293 205
58295 58315 118
58295 58336 89
58295 58296 233
58304 58347 216
58322 58331 198
58328 58350 12
58346 58391 102
58376 58389 206
58394 58439 17
58398 58420 290
58403 58433 110
58405 58431 186
58414 58427 78
58414 58427 181
58416 58462 131
58441 58474 119
58460 58496 287
58484 58507 252
58501 58535 154
58529 58577 12
58539 58576 295
58546 58562 155
58567 58587 104
58577 58603 291
58579 58621 294
58582 58620 192
58584 58610 213
58602 58625 222
58617 58658 135
58629 58640 110
58629 58652 49
58650 58674 276
58662 58675 186
58683 58728 5
58712 58729 82
58731 58777 86
58742 58772 234
58749 58754 268
58768 58807 281
58790 58813 23
58797 58820 70
58810 58841 204
58823 58867 249
58824 58832 209
58845 58884 121
58850 58859 39
58852 58864 146
58860 58909 235
58874 58899 253
58881 58905 241
58905 58952 222
58916 58935 238
58931 58943 53
58954 58959 203
58963 58976 92
58982 58984 213
58994 59024 55
58995 59035 219
59016 59054 190
59043 59078 156
59050 59080 40
59060 59079 130
59083 59103 287
59108 59125 266
59112 59158 80
59118 59125 240
59125 59134 286
59151 59168 277
59161 59184 163
59170 59174 12
59188 59195 279
59209 59215 124
59211 59251 109
59225 59238 230
59240 59285 227
59267 59287 267
59296 59323 108
59312 59361 101
59340 59382 8
59341 59343 118
59362 59395 294
59374 59417 77
59383 59414 212
59396 59415 210
59426 59454 227
59443 59484 130
59444 59457 225
59462 59503 252
59488 59507 217
59501 59550 108
59528 59556 273
59548 59586 218
59577 59605 26
59593 59604 102
59619 59625 85
59627 59672 12
59642 59660 120
59666 59698 224
59677 59711 244
59705 59724 138
59728 59729 138
59752 59771 73
59758 59764 112
59783 59833 107
59798 59821 207
59821 59835 181
59831 59856 30
59849 59880 170
59863 59905 251
59874 59880 135
59885 59899 184
59911 59956 58
59941 59986 38
59948 59978 126
59949 59954 15
59959 59990 123
59967 59985 92
59992 60014 101
59994 60013 164
60019 60034 242
60021 60051 181
60031 60050 39
60054 60057 148
60059 60074 23
60079 60128 36
60082 60091 176
60094 60115 171
60096 60118 192
60117 60130 68
60126 60138 233
60155 60163 268
60178 60197 61
60179 60224 211
60197 60235 214
60211 60227 192
60234 60274 180
60239 60274 187
60256 60285 52
60271 60291 68
60279 60289 149
60304 60319 69
60312 60331 71
60316 60339 172
60317 60326 41
60346 60375 276
60372 60406 123
60396 60442 82
60425 60436 213
60435 60453 280
60455 60482 19
60482 60494 266
60489 60496 46
60511 60546 156
60519 60546 87
60547 60557 49
60548 60594 217
60562 60612 50
60568 60597 20
60574 60595 146
60591 60632 63
60607 60623 42
60632 60668 225
60655 60694 187
60671 60690 153
60683 60733 71
60712 60743 100
60736 60737 45
60755 60795 253
60764 60769 78
60785 60797 295
60806 60825 257
60811 60861 188
60815 60827 163
60822 60855 287
60835 60852 111
60854 60868 46
60863 60872 140
60885 60917 119
60904 60923 46
60929 60957 57
60945 60970 171
60966 60990 85
60970 61007 78
60982 61015 54
60984 61005 17
60991 61015 257
61015 61065 220
61036 61062 154
61061 61111 70
61079 61110 56
61095 61106 145
61102 61138 21
61114 61123 254
61131 61135 286
61158 61188 114
61184 61214 80
61191 61231 218
61206 61227 152
61221 61251 244
61226 61270 53
61238 61277 13
61240 61261 243
61241 61260 248
61244 61293 42
61252 61258 25
61255 61304 103
61266 61296 263
61287 61329 27
61303 61330 22
61312 61357 71
61318 61356 170
61327 61339 40
61338 61342 262
61347 61353 240
61362 61407 84
61387 61428 271
61392 61397 248
61414 61441 103
61435 61436 266
61465 61505 203
61490 61520 149
61499 61514 145
61507 61547 146
61536 61551 196
61548 61556 287
61551 61567 205
61562 61563 169
61562 61574 201
61583 61620 32
61585 61633 181
61595 61620 270
61616 61657 72
61622 61656 226
61632 61644 11
61640 61670 195
61644 61687 127
61660 61665 260
61672 61679 138
61698 61711 59
61701 61727 169
61714 61719 267
61723 61759 249
61734 61735 76
61753 61765 181
61757 61797 16
61770 61809 53
61795 61810 66
61814 61844 131
61817 61849 83
61835 61864 45
61852 61881 27
61880 61883 139
61909 61915 200
61928 61937 143
61935 61944 106
61965 61988 281
61995 62009 300
62006 62025 115
62029 62051 122
62058 62091 209
62071 62109 283
62081 62106 105
62091 62139 208
62108 62129 262
62110 62119 251
62114 62139 91
62133 62161 244
62139 62144 46
62143 62154 287
62172 62204 204
62183 62223 248
62192 62195 160
62204 62227 99
62204 62221 244
62206 62207 80
62209 62256 225
62215 62229 79
62218 62223 272
62224 62254 87
62232 62277 179
62259 62281 282
62268 62283 37
62280 62328 258
62284 62309 94
62284 62295 120
62303 62319 245
62315 62349 176
62317 62321 194
62342 62374 280
62347 62396 50
62356 62383 139
62379 62393 19
62409 62429 269
62437 62462 164
62453 62470 209
62481 62507 8
62510 62528 262
62539 62581 32
62541 62542 31
62555 62603 285
62581 62597 157
62610 62645 185
62627 62632 178
62637 62646 103
62661 62666 193
62677 62694 191
62704 62719 217
62709 62729 29
62716 62753 267
62740 62742 127
62765 62773 286
62781 62803 18
62794 62828 43
62813 62853 142
62825 62863 193
62834 62843 221
62847 62890 43
62871 62897 216
62887 62903 89
62899 62924 199
62904 62923 170
62930 62970 22
62952 62983 44
62969 62974 144
62982 63031 117
62997 63008 92
63014 63038 113
63043 63052 201
63050 63061 289
63077 63108 249
63091 63140 183
63099 63136 247
63122 63152 238
63142 63179 42
63155 63201 100
63177 63197 221
63177 63207 186
63193 63215 283
63209 63246 256
63229 63254 227
63241 63273 164
63245 63279 199
63253 63279 298
63255 63261 228
63261 63301 8
63276 63300 191
63276 63298 168
63298 63319 44
63315 63365 30
63345 63378 119
63370 63398 16
63390 63425 139
63403 63436 195
63412 63428 85
63420 63451 235
63440 63487 197
63456 63473 269
63484 63512 37
63487 63497 271
63508 63523 172
63524 63556 54
63553 63587 106
63569 63570 17
63569 63592 86
63574 63601 55
63574 63596 270
63574 63581 53
63587 63630 10
63608 63642 242
63614 63649 70
63625 63660 224
63633 63666 57
63646 63650 195
63667 63676 162
63668 63703 297
63697 63728 127
63710 63748 123
63713 63757 242
63715 63732 129
63725 63749 174
63727 63756 119
63732 63773 59
63747 63765 19
63754 63788 107
63754 63756 282
63773 63788 15
63774 63804 143
63790 63840 127
63813 63857 173
63827 63846 58
63846 63856 82
63852 63882 270
63862 63893 297
63865 63875 104
63874 63887 28
63883 63919 141
63896 63912 212
63922 63929 207
63949 63976 207
63972 64004 235
63979 63981 77
63992 64027 133
63994 64031 53
64000 64040 99
64015 64026 149
64041 64074 279
64067 64097 199
64078 64105 90
64084 64089 33
64094 64100 263
64119 64151 37
64122 64149 115
64142 64181 297
64143 64172 121
64144 64145 201
64157 64169 36
64177 64184 126
64191 64233 31
64197 64223 89
64207 64223 175
64214 64236 85
64222 64269 224
64248 64281 185
64260 64302 105
64271 64321 53
64276 64320 209
64300 64342 197
64330 64349 24
64352 64385 139
64355 64371 120
64362 64373 242
64376 64381 291
64404 64421 17
64429 64432 30
64451 64488 173
64457 64480 97
64477 64496 156
64501 64503 175
64526 64568 154
64526 64537 44
64554 64576 129
64554 64555 140
64574 64592 236
64584 64618 181
64595 64610 3
64599 64618 257
64607 64650 22
64631 64674 235
64656 64694 50
64669 64683 117
64676 64693 181
64680 64710 104
64701 64745 11
64718 64725 7
64733 64749 2
64735 64784 156
64759 64772 153
64770 64778 33
64777 64827 19
64779 64791 238
64795 64835 220
64809 64828 189
64830 64834 22
64840 64888 173
64853 64895 258
64876 64918 65
64883 64925 267
64885 64892 120
64907 64941 188
64928 64931 25
64943 64950 8
64959 64962 162
64979 65027 47
65009 65032 286
65022 65044 300
65027 65072 28
65048 65095 211
65059 65081 111
65079 65113 263
65097 65099 203
65110 65123 65
65115 65125 8
65134 65175 54
65146 65175 114
65150 65171 52
65164 65206 256
65171 65214 53
65191 65224 146
65221 65255 83
65248 65288 247
65275 65276 44
65293 65341 51
65313 65334 98
65336 65338 31
65338 65376 70
65366 65388 292
65377 65424 23
65403 65440 250
65419 65462 259
65424 65427 289
65439 65476 37
65469 65513 68
65490 65495 85
65515 65556 37
65517 65545 63
65519 65520 51
65527 65561 251
65552 65595 31
65580 65593 100
65608 65651 234
65631 65642 51
65635 65675 265
65645 65651 156
65661 65710 20
65666 65694 17
65687 65700 172
65710 65736 173
65715 65746 259
65721 65749 208
65725 65767 199
65734 65754 10
65763 65771 143
65763 65777 56
65776 65779 182
65785 65833 139
65813 65822 152
65823 65860 6
65824 65862 232
65848 65897 292
65859 65880 16
65887 65892 161
65891 65893 203
65919 65955 2
65926 65956 120
65939 65951 92
65966 65972 259
65967 65987 281
65980 65983 84
66007 66034 19
66037 66056 134
66063 66111 76
66091 66096 145
66115 66146 229
66118 66141 36
66128 66173 256
66157 66203 271
66185 66210 60
66197 66221 129
66222 66237 29
66252 66256 244
66269 66316 232
66284 66334 133
66288 66310 5
66292 66317 290
66297 66312 231
66298 66336 227
66322 66328 278
66349 66394 9
66369 66419 140
66383 66409 30
66390 66394 293
66411 66454 73
66420 66459 138
66442 66449 224
66443 66460 130
66449 66497 159
66457 66500 136
66480 66484 68
66507 66513 32
66533 66551 210
66539 66579 210
66540 66552 105
66553 66601 2
66570 66574 40
66575 66610 16
66598 66609 237
66606 66628 286
66620 66650 167
66626 66668 249
66638 66642 39
66658 66660 242
66659 66669 30
66687 66696 50
66697 66720 127
66700 66734 274
66717 66752 276
66731 66762 143
66741 66781 146
66763 66769 116
66784 66802 204
66811 66855 294
66836 66868 225
66840 66849 124
66860 66906 230
66880 66918 252
66908 66933 47
66925 66944 105
66927 66951 42
66952 66956 130
66974 66996 282
66997 67007 152
67001 67022 199
67011 67027 51
67011 67045 173
67033 67037 299
67033 67065 198
67040 67070 14
67040 67050 228
67052 67085 192
67069 67070 295
67083 67117 191
67101 67132 25
67105 67129 143
67133 67138 64
67155 67160 34
67177 67181 19
67177 67189 198
67182 67227 184
67187 67201 84
67213 67236 43
67234 67268 236
67248 67281 180
67273 67295 252
67280 67293 110
67298 67321 169
67321 67363 22
67338 67353 24
67366 67371 291
67392 67413 214
67414 67454 267
67429 67463 25
67453 67463 136
67467 67506 207
67468 67512 197
67495 67507 46
67497 67531 123
67497 67511 233
67514 67535 202
67515 67546 70
67524 67528 67
67546 67548 182
67574 67598 120
67584 67596 80
67604 67637 20
67611 67660 183
67619 67650 201
67638 67658 183
67663 67706 117
67683 67718 126
67711 67757 139
67732 67750 238
67757 67803 275
67765 67809 231
67768 67793 53
67776 67801 191
67782 67832 160
67798 67804 176
67807 67849 143
67817 67820 121
67827 67836 215
67830 67867 161
67833 67845 126
67835 67844 118
67861 67902 81
67886 67901 194
67892 67902 95
67895 67934 270
67911 67938 104
67912 67958 138
67915 67925 177
67942 67984 136
67946 67961 296
67961 67977 194
67982 68018 144
68008 68057 24
68029 68057 83
68033 68069 300
68046 68090 142
68046 68091 58
68060 68090 102
68066 68067 262
68082 68101 146
68085 68103 183
68108 68122 198
68128 68141 69
68151 68158 285
68167 68209 128
68171 68202 150
68187 68220 120
68195 68196 158
68208 68221 179
68233 68239 171
68249 68272 151
68279 68308 37
68286 68316 196
68286 68309 133
68307 68325 102
68332 68358 35
68340 68349 125
68345 68353 148
68366 68405 217
68377 68419 34
68399 68440 12
68402 68449 206
68427 68452 109
68448 68467 62
68455 68504 77
68463 68504 121
68474 68520 263
68482 68484 190
68496 68525 107
68507 68529 59
68523 68562 94
68529 68554 76
68536 68545 110
68544 68588 138
68568 68602 134
68587 68628 254
68592 68642 266
68620 68649 190
68647 68697 300
68676 68678 125
68683 68717 185
68692 68693 18
68715 68743 209
68742 68791 40
68750 68758 113
68765 68793 11
68790 68811 83
68805 68815 228
68834 68863 278
68845 68847 299
68855 68879 127
68871 68886 249
68874 68891 11
68892 68923 165
68901 68929 298
68901 68939 159
68911 68922 289
68912 68923 290
68929 68947 139
68938 68951 114
68956 68982 76
68981 68990 245
68998 69029 291
69022 69038 255
69042 69050 85
69050 69056 188
69073 69112 162
69098 69129 108
69098 69142 72
69110 69153 153
69110 69160 289
69112 69144 214
69126 69166 16
69141 69190 262
69160 69186 280
69186 69229 230
69204 69232 116
69214 69225 279
69224 69244 225
69251 69263 15
69275 69293 105
69291 69303 137
69307 69314 269
69333 69354 183
69355 69385 86
69368 69399 94
69374 69378 190
69396 69419 299
69419 69424 222
69419 69464 166
69420 69456 120
69429 69471 170
69453 69470 265
69472 69487 43
69496 69514 88
69522 69552 7
69534 69568 148
69546 69560 130
69546 69578 198
69557 69567 25
69578 69584 109
69584 69633 242
69609 69639 26
69611 69657 219
69638 69668 267
69653 69672 258
69679 69717 100
69694 69743 63
69717 69748 6
69747 69773 165
69753 69760 165
69760 69808 18
69783 69798 296
69799 69816 100
69804 69809 105
69814 69818 214
69837 69874 236
69846 69879 21
69860 69882 288
69885 69933 125
69909 69916 79
69918 69965 236
69943 69971 30
69971 70010 260
69984 70034 215
70009 70046 255
70020 70023 268
70048 70061 36
70052 70095 159
70061 70080 264
70075 70112 256
70084 70111 164
70098 70110 65
70104 70139 204
70122 70144 1
70152 70162 225
70162 70164 235
70162 70184 247
70184 70189 178
70201 70220 149
70206 70237 240
70229 70232 265
70232 70248 172
70232 70236 256
70254 70303 54
70268 70273 97
70273 70292 13
70283 70285 56
70306 70315 239
70310 70335 71
70323 70344 270
70350 70379 78
70362 70400 233
70384 70434 91
70413 70448 67
70416 70453 223
70438 70444 49
70439 70457 255
70454 70495 229
70459 70495 206
70474 70480 65
70498 70501 198
70519 70543 192
70535 70540 117
70544 70585 103
70552 70598 67
70559 70579 4
70579 70611 264
70604 70647 213
70634 70638 81
70653 70661 108
70663 70710 221
70678 70691 239
70701 70704 99
70720 70753 181
70740 70757 32
70770 70792 229
70783 70784 225
70792 70800 221
70795 70842 25
70824 70857 273
70844 70888 42
70862 70870 68
70882 70892 69
70896 70899 273
70900 70927 274
70902 70929 248
70910 70922 213
70913 70955 119
70914 70930 39
70918 70951 204
70930 70947 275
70960 70994 253
70974 71007 274
70976 70995 124
70985 71034 200
71006 71009 243
71008 71039 281
71038 71083 116
71055 71071 90
71073 71080 30
71087 71130 289
71104 71118 126
71108 71132 133
71108 71116 28
71121 71131 81
71140 71149 30
71167 71193 281
71173 71176 95
71180 71226 180
71186 71223 10
71204 71213 133
71232 71248 54
71259 71271 216
71279 71326 147
71293 71333 179
71308 71316 31
71328 71339 232
71333 71356 252
71350 71351 103
71365 71412 97
71366 71380 169
71366 71380 262
71369 71374 104
71370 71401 277
71373 71413 211
71398 71447 267
71420 71422 268
71428 71442 129
71439 71478 32
71456 71461 74
71470 71507 48
71498 71535 52
71498 71519 235
71498 71528 233
71528 71543 127
71553 71579 32
71559 71561 281
71574 71609 123
71581 71619 228
71590 71604 191
71608 71648 240
71621 71623 78
71647 71677 140
71673 71707 44
71691 71740 98
71711 71722 171
71728 71760 179
71728 71751 159
71751 71788 155
71761 71779 30
71786 71807 191
71815 71852 272
71833 71852 201
71849 71855 110
71877 71910 159
71902 71941 63
71909 71949 43
71922 71963 109
71945 71955 151
71953 71975 62
71971 72014 78
71993 72034 46
72012 72051 206
72033 72062 7
72037 72063 288
72047 72054 203
72073 72077 277
72089 72130 243
72090 72102 234
72098 72136 150
72101 72134 14
72116 72142 134
72125 72170 283
72140 72183 271
72162 72179 250
72189 72220 85
72216 72244 205
72226 72254 92
72247 72265 202
72264 72271 67
72264 72277 102
72294 72299 205
72309 72347 133
72335 72380 82
72338 72385 164
72365 72396 198
72376 72386 297
72389 72426 157
72409 72416 104
72419 72447 43
72435 72470 92
72445 72475 242
72447 72458 140
72477 72518 250
72492 72533 46
72513 72517 181
72522 72557 25
72550 72559 149
72551 72570 70
72566 72575 284
72568 72575 126
72574 72587 286
72590 72594 243
72620 72638 11
72624 72647 137
72650 72671 206
72669 72706 192
72692 72714 125
72712 72727 106
72734 72776 59
72753 72761 8
72754 72793 62
72781 72819 183
72798 72842 19
72800 72825 265
72803 72824 299
72812 72846 63
72820 72850 103
72844 72889 67
72844 72875 43
72870 72894 118
72899 72942 11
72904 72919 174
72926 72947 281
72947 72988 167
72947 72970 140
72974 72979 257
72986 72997 144
73016 73031 52
73017 73047 226
73022 73070 254
73036 73086 141
73038 73063 258
73039 73088 122
73061 73089 84
73075 73116 25
73092 73115 190
73116 73124 25
73141 73144 186
73142 73158 94
73171 73193 227
73180 73226 193
73192 73240 84
73192 73233 289
73208 73243 252
73238 73253 193
73265 73270 31
73277 73297 270
73283 73298 122
73294 73298 220
73304 73348 18
73318 73328 253
73334 73357 159
73349 73361 77
73369 73414 51
73385 73398 89
73407 73416 265
73432 73449 167
73433 73473 299
73444 73484 57
73474 73495 219
73494 73514 53
73503 73517 270
73520 73556 180
73544 73551 253
73546 73596 36
73561 73562 44
73585 73631 299
73601 73649 218
73608 73658 222
73631 73666 141
73632 73668 41
73637 73640 155
73644 73671 199
73658 73673 29
73670 73682 279
73693 73715 233
73715 73723 23
73719 73749 285
73725 73743 274
73730 73740 149
73741 73753 298
73746 73790 293
73776 73788 204
73778 73811 242
73784 73804 242
73790 73826 220
73813 73860 54
73842 73847 126
73854 73860 191
73855 73870 109
73873 73901 202
73878 73915 266
73887 73892 151
73908 73945 74
73928 73956 143
73941 73947 81
73968 73992 98
73981 73988 88
74011 74044 166
74029 74055 299
74039 74063 134
