5000
20 41 241
29 46 195
29 67 170
42 55 113
43 59 217
67 115 296
67 93 273
84 130 20
96 117 37
112 159 223
132 167 295
136 142 149
165 181 142
189 217 195
219 262 200
231 242 110
233 236 73
241 267 238
247 283 124
253 258 3
258 267 53
286 322 82
291 326 213
298 309 206
309 338 30
333 341 164
344 359 91
370 396 101
386 430 134
410 448 100
414 417 19
434 476 40
446 462 26
448 492 2
473 523 89
497 515 200
527 576 93
533 574 95
547 555 217
550 587 135
568 595 57
576 578 6
599 612 264
611 613 73
640 671 233
642 692 17
665 692 82
684 709 36
704 748 97
706 718 271
731 742 47
746 796 74
759 807 71
784 822 19
795 835 284
802 809 166
823 833 2
853 869 299
860 870 165
888 893 263
893 910 253
893 924 153
914 928 84
939 967 262
963 979 217
992 1024 146
1016 1041 74
1029 1064 176
1040 1058 128
1064 1085 65
1064 1112 286
1076 1122 283
1094 1140 228
1104 1112 46
1114 1152 19
1115 1129 292
1116 1131 218
1118 1150 53
1119 1129 115
1130 1161 75
1160 1208 283
1178 1220 77
1204 1205 172
1204 1249 237
1223 1260 256
1244 1247 264
1255 1296 173
1275 1294 292
1295 1327 173
1306 1355 43
1334 1335 55
1337 1347 241
1353 1365 182
1374 1416 46
1396 1411 116
1420 1446 215
1430 1465 212
1452 1467 251
1469 1488 134
1483 1509 293
1485 1507 240
1503 1513 180
1531 1578 106
1547 1559 244
1559 1579 162
1584 1601 23
1595 1596 68
1616 1632 273
1623 1661 172
1652 1654 178
1676 1724 162
1687 1690 47
1690 1704 82
1711 1741 205
1735 1785 283
1749 1785 58
1753 1771 69
1765 1813 111
1777 1792 18
1789 1792 243
1790 1806 179
1790 1818 189
1817 1840 240
1835 1885 248
1839 1872 67
1857 1892 68
1865 1871 39
1868 1879 207
1898 1940 42
1925 1975 168
1943 1989 295
1959 2004 277
1984 2013 175
1987 2030 5
2003 2013 217
2006 2028 298
2010 2038 166
2036 2056 103
2054 2069 34
2057 2084 299
2076 2126 198
2104 2144 214
2125 2131 109
2135 2142 81
2159 2187 225
2168 2189 254
2197 2213 35
2220 2240 295
2245 2291 46
2258 2296 203
2272 2321 278
2288 2338 221
2305 2316 195
2318 2332 7
2342 2364 247
2348 2398 300
2359 2372 54
2387 2421 62
2414 2416 212
2435 2474 177
2446 2479 159
2461 2474 250
2475 2504 118
2485 2505 229
2490 2517 265
2515 2558 235
2540 2583 86
2559 2560 15
2560 2599 33
2569 2613 192
2572 2622 54
2588 2603 235
2598 2639 63
2602 2623 266
2626 2667 212
2633 2664 263
2646 2673 46
2675 2697 103
2682 2684 279
2689 2731 237
2717 2748 203
2747 2779 138
2752 2800 99
2754 2782 186
2766 2781 56
2779 2822 244
2796 2843 65
2804 2814 50
2829 2876 241
2829 2833 56
2849 2868 286
2866 2878 285
2891 2933 49
2910 2958 54
2922 2961 244
2922 2958 132
2934 2970 242
2938 2988 259
2962 2971 88
2991 3012 232
2997 3018 257
3007 3044 151
3016 3043 249
3018 3033 141
3024 3064 74
3030 3035 234
3048 3095 211
3073 3096 127
3095 3120 44
3098 3101 66
3116 3153 148
3144 3174 102
3167 3171 107
3171 3179 130
3200 3230 243
3225 3232 118
3240 3248 108
3261 3267 150
3266 3278 230
3268 3305 188
3298 3309 285
3311 3347 118
3315 3327 203
3329 3367 163
3337 3379 193
3340 3388 49
3340 3341 75
3356 3384 294
3356 3358 231
3365 3385 82
3385 3415 90
3413 3423 178
3414 3454 209
3419 3447 194
3444 3463 185
3474 3497 23
3487 3536 78
3501 3506 288
3523 3563 35
3540 3579 270
3557 3578 139
3576 3615 104
3578 3623 148
3578 3627 76
3586 3627 41
3597 3615 62
3600 3638 135
3621 3664 21
3621 3629 97
3626 3667 144
3632 3637 41
3637 3677 163
3660 3703 296
3667 3676 48
3683 3684 199
3706 3738 299
3721 3729 22
3732 3736 299
3744 3794 268
3757 3779 238
3757 3786 5
3759 3777 102
3776 3787 275
3779 3808 4
3807 3847 68
3834 3858 80
3845 3848 126
3856 3884 93
3864 3879 235
3872 3908 234
3893 3914 124
3913 3919 191
3914 3927 39
3932 3935 168
3957 3973 150
3982 4001 111
3999 4031 286
4025 4059 264
4051 4073 269
4065 4108 292
4078 4094 75
4081 4118 134
4099 4117 192
4127 4129 40
4137 4160 293
4143 4168 196
4157 4202 166
4158 4163 197
4185 4202 270
4213 4235 275
4224 4244 127
4237 4246 152
4259 4269 35
4266 4291 47
4295 4326 216
4303 4306 115
4312 4334 267
4315 4320 251
4329 4347 184
4358 4378 154
4378 4396 214
4406 4424 130
4416 4450 147
4423 4433 88
4427 4476 128
4442 4485 296
4464 4475 252
4485 4524 47
4489 4495 280
4494 4518 270
4522 4564 215
4547 4554 235
4559 4578 161
4577 4586 152
4584 4599 128
4591 4610 255
4613 4646 182
4639 4689 9
4646 4660 296
4670 4674 8
4676 4678 252
4694 4724 176
4717 4762 88
4732 4744 285
4737 4761 23
4761 4768 183
4781 4789 209
4806 4827 6
4825 4828 150
4837 4845 211
4845 4894 185
4875 4903 109
4899 4912 230
4925 4933 194
4935 4961 131
4946 4968 208
4956 5004 152
4986 5018 252
4987 4995 165
5010 5034 276
5013 5033 224
5034 5037 78
5037 5050 107
5045 5052 157
5057 5091 224
5067 5070 90
5088 5109 57
5088 5109 76
5088 5106 80
5102 5151 232
5119 5154 235
5133 5181 130
5136 5185 231
5151 5154 142
5173 5216 269
5196 5205 229
5216 5247 117
5225 5267 147
5233 5252 50
5262 5296 63
5274 5321 4
5283 5315 23
5310 5340 281
5313 5341 153
5325 5354 186
5326 5328 10
5350 5390 236
5355 5384 226
5355 5377 56
5366 5375 21
5388 5428 66
5400 5404 164
5407 5408 105
5430 5432 44
5440 5472 7
5445 5483 49
5447 5489 282
5475 5476 281
5487 5490 26
5516 5553 233
5521 5525 83
5540 5541 82
5554 5566 201
5583 5630 274
5592 5610 138
5607 5654 119
5635 5647 84
5643 5669 181
5671 5698 231
5686 5718 184
5708 5756 187
5708 5718 265
5725 5748 165
5747 5766 187
5768 5797 33
5783 5810 175
5809 5859 70
5836 5841 204
5849 5895 150
5865 5912 40
5881 5901 53
5893 5915 287
5913 5941 133
5943 5984 50
5955 5958 54
5975 6014 253
5990 6010 195
6020 6029 102
6049 6068 199
6069 6113 57
6077 6093 144
6103 6114 120
6103 6146 224
6116 6124 262
6144 6194 143
6156 6166 290
6177 6225 97
6185 6227 232
6188 6228 46
6190 6203 121
6194 6238 138
6223 6253 167
6248 6268 34
6271 6275 21
6279 6290 120
6296 6337 265
6316 6336 45
6319 6335 135
6327 6377 183
6348 6385 13
6362 6387 191
6367 6373 236
6387 6427 272
6405 6407 93
6433 6481 197
6454 6458 290
6459 6474 161
6475 6524 263
6479 6481 256
6481 6521 124
6506 6542 16
6527 6533 298
6548 6566 40
6569 6598 216
6576 6594 87
6586 6634 232
6596 6618 174
6605 6612 245
6627 6631 229
6635 6675 235
6649 6676 167
6651 6672 294
6654 6665 238
6660 6693 274
6660 6672 287
6671 6709 234
6697 6726 34
6726 6754 186
6747 6787 16
6757 6797 273
6763 6790 155
6792 6829 191
6817 6843 20
6841 6850 106
6870 6882 57
6881 6915 112
6884 6933 78
6888 6921 185
6908 6957 156
6932 6935 242
6934 6974 214
6941 6965 124
6960 6975 167
6972 6998 71
6980 6996 49
6998 7044 87
7001 7047 255
7012 7029 137
7027 7032 58
7045 7093 64
7059 7070 206
7064 7086 223
7079 7098 266
7082 7108 251
7111 7119 185
7134 7183 275
7152 7194 247
7175 7202 143
7194 7229 121
7224 7234 239
7230 7272 127
7260 7276 174
7284 7310 276
7312 7351 296
7315 7341 89
7335 7349 104
7357 7406 69
7368 7418 160
7379 7392 235
7391 7405 282
7412 7413 289
7431 7443 227
7435 7469 161
7464 7494 142
7483 7508 139
7495 7527 289
7506 7507 55
7530 7557 171
7549 7564 19
7570 7578 146
7578 7594 29
7601 7649 281
7613 7622 14
7632 7673 227
7652 7679 72
7670 7673 43
7700 7707 153
7706 7748 250
7709 7722 10
7718 7721 207
7742 7743 279
7753 7795 252
7777 7825 300
7786 7818 282
7802 7839 258
7823 7842 121
7843 7882 188
7870 7879 45
7873 7888 96
7882 7892 195
7895 7942 241
7906 7919 140
7917 7948 71
7939 7978 159
7965 7998 79
7989 8029 244
7993 8043 98
8015 8022 82
8028 8050 146
8045 8051 141
8049 8078 292
8052 8057 286
8072 8095 160
8078 8094 221
8094 8128 230
8101 8116 287
8112 8142 105
8123 8124 77
8153 8163 272
8160 8201 136
8162 8172 214
8177 8222 112
8198 8222 180
8200 8214 208
8224 8232 189
8246 8281 34
8262 8296 292
8274 8279 127
8301 8351 271
8331 8351 138
8347 8355 100
8352 8370 185
8380 8409 136
8401 8410 129
8428 8455 41
8446 8489 148
8468 8491 72
8483 8530 258
8505 8523 209
8522 8538 82
8536 8551 274
8565 8606 224
8582 8607 214
8591 8609 210
8602 8608 24
8622 8658 233
8632 8678 279
8637 8686 152
8646 8689 145
8646 8677 261
8653 8681 119
8681 8715 71
8684 8732 150
8692 8724 261
8693 8717 234
8706 8749 281
8724 8773 151
8728 8775 233
8753 8802 41
8755 8797 291
8764 8800 239
8770 8780 135
8780 8805 7
8803 8827 132
8809 8829 217
8830 8878 62
8831 8866 154
8848 8852 214
8860 8885 168
8890 8933 225
8910 8937 80
8918 8921 152
8925 8946 120
8926 8939 148
8930 8935 57
8940 8959 264
8947 8985 165
8962 8966 147
8982 9017 245
8992 8993 246
9008 9047 151
9037 9078 185
9044 9066 12
9049 9080 30
9049 9099 30
9065 9106 121
9068 9093 244
9096 9119 82
9111 9151 262
9122 9165 60
9150 9194 160
9170 9193 194
9170 9217 44
9171 9207 52
9180 9190 235
9209 9216 213
9210 9221 296
9228 9262 2
9251 9286 281
9253 9266 226
9253 9302 19
9268 9281 159
9290 9335 174
9309 9346 26
9318 9345 27
9344 9369 98
9355 9372 245
9357 9402 290
9363 9375 175
9382 9396 192
9383 9387 10
9399 9418 186
9414 9448 115
9429 9476 95
9433 9453 2
9435 9460 152
9445 9489 75
9471 9484 296
9484 9507 76
9508 9542 152
9529 9565 109
9551 9584 256
9575 9609 113
9594 9637 25
9597 9608 232
9612 9649 187
9626 9651 155
9656 9697 97
9667 9717 80
9681 9728 107
9698 9731 40
9722 9759 3
9727 9756 253
9742 9753 295
9767 9794 107
9797 9800 212
9812 9829 216
9828 9875 16
9846 9895 141
9868 9870 45
9897 9917 241
9905 9916 287
9919 9968 259
9929 9958 123
9949 9966 48
9965 10006 293
9995 10032 250
10012 10038 55
10035 10081 125
10049 10073 270
10070 10077 219
10088 10122 27
10094 10119 76
10102 10104 294
10104 10109 295
10105 10142 288
10124 10149 44
10124 10163 125
10130 10132 254
10150 10186 60
10170 10197 14
10187 10188 132
10215 10224 177
10239 10268 248
10265 10310 240
10295 10338 69
10309 10319 274
10313 10341 292
10320 10336 124
10330 10379 295
10343 10344 82
10350 10374 96
10372 10380 295
10398 10425 88
10419 10442 93
10429 10477 200
10450 10457 29
10455 10482 222
10456 10504 278
10477 10521 28
10506 10533 80
10521 10550 85
10551 10578 151
10565 10609 198
10582 10632 115
10594 10642 300
10609 10633 185
10639 10689 151
10651 10675 213
10681 10713 225
10694 10705 8
10695 10741 211
10719 10726 23
10746 10770 291
10771 10812 153
10773 10777 91
10780 10817 233
10805 10850 289
10807 10821 85
10815 10855 281
10844 10857 211
10869 10889 146
10876 10914 96
10902 10942 292
10930 10952 90
10937 10983 107
10937 10960 5
10956 10990 131
10977 11007 43
10985 11023 73
11011 11033 115
11035 11067 28
11046 11075 6
11063 11104 277
11065 11104 118
11083 11094 248
11097 11100 92
11106 11147 127
11129 11178 213
11137 11180 76
11162 11170 27
11189 11235 68
11203 11221 72
11231 11272 88
11244 11249 285
11252 11295 206
11252 11288 98
11252 11254 217
11261 11277 147
11289 11326 250
11308 11325 65
11336 11374 68
11360 11370 167
11385 11434 151
11413 11419 175
11438 11451 133
11446 11496 20
11446 11494 11
11460 11475 223
11480 11491 157
11505 11525 278
11509 11540 124
11527 11564 4
11548 11554 48
11562 11596 20
11563 11592 238
11566 11569 215
11588 11627 257
11602 11640 136
11605 11635 299
11616 11660 244
11627 11657 73
11642 11658 8
11649 11671 15
11676 11713 136
11686 11732 195
11704 11718 46
11732 11773 223
11753 11763 209
11761 11796 91
11776 11783 10
11782 11790 271
11812 11827 71
11813 11840 236
11818 11832 5
11841 11887 125
11858 11886 57
11873 11886 57
11894 11913 152
11918 11943 108
11927 11961 64
11935 11969 146
11941 11945 205
11948 11949 242
11949 11988 117
11972 12008 201
11977 11989 296
12003 12015 38
12003 12052 86
12021 12031 198
12044 12064 66
12069 12108 249
12075 12100 205
12100 12122 284
12121 12167 279
12149 12187 259
12173 12201 295
12187 12200 121
12203 12247 64
12207 12255 124
12227 12248 9
12257 12272 238
12260 12296 91
12271 12280 215
12288 12332 192
12314 12340 141
12339 12378 228
12359 12362 214
12359 12377 79
12385 12421 45
12400 12450 74
12421 12471 75
12424 12462 29
12434 12475 139
12461 12487 152
12462 12482 114
12483 12488 278
12512 12550 128
12537 12566 111
12555 12565 110
12565 12571 229
12567 12577 30
12572 12615 23
12583 12589 161
12602 12645 116
12621 12667 158
12648 12677 110
12660 12680 220
12662 12694 232
12668 12707 82
12670 12685 138
12681 12683 288
12698 12719 218
12725 12766 55
12743 12760 243
12754 12773 89
12756 12801 34
12781 12824 121
12789 12821 13
12810 12852 253
12814 12815 175
12834 12848 196
12863 12907 182
12888 12931 208
12897 12912 78
12905 12936 51
12921 12955 8
12932 12955 274
12957 12994 188
12978 13007 36
12984 12987 85
12985 13013 139
13007 13025 111
13017 13039 59
13022 13065 120
13043 13056 273
13069 13070 295
13069 13082 77
13084 13086 213
13107 13115 240
13126 13147 176
13127 13147 214
13133 13140 164
13135 13179 106
13139 13182 297
13148 13187 25
13159 13160 90
13171 13194 290
13201 13246 33
13223 13271 121
13232 13244 169
13255 13272 255
13275 13301 207
13285 13300 286
13312 13349 297
13335 13373 202
13343 13363 94
13370 13392 3
13399 13416 114
13401 13441 282
13422 13432 187
13442 13462 84
13452 13468 217
13477 13509 15
13494 13524 18
13507 13531 78
13535 13560 200
13551 13590 289
13577 13584 204
13577 13578 216
13587 13633 158
13596 13644 300
13601 13634 269
13603 13619 183
13607 13656 19
13629 13676 65
13654 13663 258
13664 13671 168
13692 13718 122
13693 13729 251
13709 13719 21
13726 13767 32
13747 13768 129
13770 13780 105
13786 13807 296
13805 13818 192
13834 13862 77
13847 13877 96
13859 13864 240
13886 13901 183
13887 13902 78
13904 13925 210
13927 13939 220
13955 13975 57
13955 13974 57
13977 14012 46
13987 13991 40
13993 14031 225
13995 14016 36
14022 14046 25
14037 14041 207
14050 14068 23
14079 14129 56
14089 14103 132
14106 14139 146
14116 14163 173
14146 14187 43
14146 14166 239
14146 14165 159
14171 14217 150
14179 14229 183
14209 14242 112
14234 14269 171
14240 14272 53
14255 14295 288
14257 14280 65
14278 14328 113
14282 14289 163
14297 14310 221
14324 14327 176
14354 14367 95
14354 14372 41
14359 14365 289
14374 14417 281
14378 14403 184
14390 14422 126
14412 14425 132
14429 14476 138
14452 14493 170
14475 14477 194
14486 14493 256
14492 14498 114
14506 14529 290
14530 14579 290
14546 14571 80
14567 14587 162
14570 14607 269
14576 14618 191
14594 14600 45
14605 14654 124
14614 14662 135
14624 14628 63
14626 14662 199
14641 14654 214
14658 14683 112
14674 14691 119
14674 14701 215
14685 14722 46
14696 14709 33
14696 14738 184
14708 14749 63
14717 14762 159
14739 14742 214
14747 14776 134
14755 14801 297
14765 14813 287
14774 14775 249
14804 14829 216
14822 14825 79
14839 14857 261
14849 14898 77
14856 14906 157
14883 14890 207
14893 14931 222
14914 14920 155
14936 14954 142
14960 14966 276
14971 15000 56
14997 15011 105
15018 15021 241
15031 15056 140
15043 15084 165
15071 15087 147
15092 15099 280
15104 15123 130
15111 15118 222
15121 15129 103
15127 15151 264
15144 15177 50
15164 15206 83
15179 15191 12
15193 15213 27
15220 15268 213
15244 15285 166
15248 15259 229
15276 15287 229
15305 15309 250
15333 15377 215
15347 15350 117
15354 15401 272
15367 15413 198
15377 15420 176
15383 15394 39
15410 15428 6
15412 15449 286
15427 15449 42
15448 15454 139
15460 15496 259
15483 15509 184
15483 15531 237
15499 15546 26
15523 15563 178
15538 15557 169
15553 15561 112
15558 15574 68
15583 15585 58
15584 15633 29
15613 15657 247
15638 15643 169
15657 15677 246
15669 15696 266
15672 15685 35
15686 15726 221
15699 15705 22
15722 15723 121
15729 15742 97
15732 15740 265
15736 15756 263
15751 15768 182
15775 15776 221
15779 15814 159
15807 15853 81
15832 15870 196
15838 15879 231
15852 15858 248
15857 15877 89
15858 15867 55
15868 15892 192
15879 15886 245
15889 15895 258
15905 15955 65
15911 15934 216
15918 15964 60
15946 15984 66
15952 15960 224
15955 15969 86
15963 15990 272
15993 16007 276
15994 16036 69
15994 15999 47
16022 16062 246
16052 16063 251
16057 16107 241
16086 16101 76
16092 16106 87
16102 16129 235
16122 16166 11
16152 16195 213
16176 16209 128
16202 16221 97
16215 16239 3
16244 16286 159
16256 16284 172
16273 16309 238
16277 16321 128
16301 16309 229
16311 16327 146
16312 16327 228
16327 16341 93
16340 16387 116
16356 16361 91
16372 16391 128
16401 16422 92
16426 16460 190
16453 16461 210
16462 16494 38
16488 16527 161
16497 16527 111
16524 16537 116
16531 16568 56
16534 16562 82
16541 16565 160
16566 16610 52
16566 16580 184
16579 16621 234
16596 16626 123
16607 16650 223
16620 16651 68
16624 16627 230
16637 16656 263
16647 16675 90
16663 16702 144
16669 16674 179
16671 16691 25
16689 16722 249
16689 16725 157
16693 16739 264
16716 16749 290
16726 16762 271
16733 16774 17
16747 16765 192
16770 16804 72
16797 16829 66
16817 16820 253
16840 16877 177
16863 16902 245
16881 16908 101
16898 16939 298
16912 16940 9
16921 16949 201
16922 16970 147
16940 16972 110
16963 16981 188
16977 17014 220
16982 17015 136
17007 17032 176
17031 17049 73
17058 17066 55
17086 17104 151
17100 17126 198
17130 17170 214
17152 17158 6
17178 17204 85
17207 17248 99
17212 17214 249
17217 17240 294
17229 17264 93
17234 17270 99
17264 17307 143
17279 17320 109
17280 17294 15
17302 17319 59
17320 17323 60
17326 17336 42
17328 17366 222
17352 17395 230
17358 17408 9
17359 17370 123
17364 17382 173
17392 17394 210
17417 17429 63
17438 17451 296
17466 17470 146
17496 17541 51
17505 17514 105
17511 17554 34
17513 17550 132
17522 17570 102
17539 17540 9
17551 17599 27
17554 17598 232
17557 17596 216
17559 17566 61
17572 17597 220
17596 17639 202
17597 17619 183
17618 17631 210
17620 17647 51
17644 17678 155
17647 17660 69
17663 17674 141
17679 17710 123
17682 17691 204
17708 17718 80
17710 17738 12
17721 17740 226
17751 17766 149
17773 17807 30
17790 17816 8
17819 17862 277
17820 17843 38
17842 17843 190
17850 17873 26
17865 17898 186
17883 17896 76
17884 17921 163
17895 17908 212
17923 17932 20
17931 17969 94
17952 17990 15
17976 18016 8
17986 18024 290
18009 18021 69
18029 18061 82
18029 18031 85
18045 18063 75
18056 18079 107
18056 18061 40
18080 18110 296
18081 18111 203
18088 18132 275
18117 18141 21
18128 18166 288
18133 18181 263
18159 18173 31
18171 18215 35
18175 18209 130
18197 18234 232
18218 18255 50
18232 18262 68
18251 18256 267
18280 18290 214
18307 18339 45
18307 18336 191
18332 18346 103
18356 18391 255
18361 18401 274
18375 18387 99
18397 18408 236
18410 18434 83
18419 18421 190
18444 18448 147
18454 18486 178
18480 18530 41
18495 18541 162
18511 18539 263
18513 18555 123
18541 18566 154
18555 18590 91
18569 18601 79
18598 18637 131
18607 18638 189
18611 18630 116
18625 18629 291
18651 18688 220
18664 18706 168
18692 18724 228
18716 18764 67
18744 18758 268
18761 18763 182
18784 18830 131
18801 18840 155
18809 18825 113
18838 18881 195
18859 18875 185
18861 18871 15
18890 18894 231
18914 18949 178
18941 18954 44
18971 19018 118
18971 19018 202
19000 19037 262
19029 19037 73
19056 19096 22
19059 19095 3
19065 19100 146
19081 19085 31
19104 19122 293
19129 19151 186
19131 19135 216
19145 19153 248
19174 19216 73
19199 19227 278
19226 19245 224
19241 19281 223
19269 19278 174
19297 19309 69
19310 19359 209
19324 19359 133
19346 19358 12
19365 19407 9
19373 19406 12
19400 19410 150
19402 19429 17
19405 19455 25
19414 19418 249
19420 19426 31
19442 19446 40
19457 19478 1
19478 19515 202
19484 19493 182
19492 19524 34
19520 19534 88
19549 19582 75
19573 19578 5
19596 19624 177
19613 19633 35
19632 19654 27
19633 19638 146
19648 19695 270
19652 19658 94
19664 19682 33
19690 19708 218
19706 19743 157
19706 19752 294
19716 19724 33
19717 19761 12
19739 19778 115
19767 19775 136
19779 19786 27
19797 19842 283
19807 19843 225
19824 19871 124
19825 19850 281
19849 19858 221
19865 19900 149
19884 19934 294
19907 19937 231
19918 19950 64
19923 19948 275
19938 19962 17
19941 19950 195
19970 19974 179
19998 20038 240
20027 20039 7
20029 20072 222
20048 20090 17
20053 20073 207
20053 20068 74
20066 20088 240
20071 20087 245
20086 20134 179
20108 20147 287
20122 20136 48
20139 20146 110
20140 20161 82
20153 20202 146
20165 20180 110
20172 20216 292
20188 20211 136
20188 20236 271
20190 20230 249
20196 20243 230
20219 20227 68
20236 20250 18
20249 20277 13
20260 20268 146
20261 20278 86
20271 20274 118
20286 20289 226
20305 20335 275
20311 20334 272
20333 20361 148
20335 20364 198
20352 20380 28
20374 20411 291
20383 20420 207
20397 20399 201
20422 20441 223
20450 20492 172
20468 20469 68
20473 20496 66
20499 20505 255
20524 20574 218
20542 20584 36
20564 20602 169
20589 20619 9
20613 20657 267
20622 20667 181
20626 20629 11
20649 20658 192
20653 20678 60
20672 20683 58
20685 20722 23
20690 20723 51
20711 20755 101
20741 20781 142
20760 20800 283
20764 20805 84
20792 20838 71
20813 20849 233
20821 20867 214
20834 20867 182
20841 20865 262
20859 20874 201
20872 20900 253
20878 20908 19
20888 20906 254
20906 20909 186
20928 20972 259
20946 20976 122
20966 21014 43
20992 21009 132
20994 21015 47
21009 21035 219
21032 21057 250
21034 21061 61
21034 21051 228
21038 21065 53
21046 21061 190
21053 21065 201
21062 21068 264
21064 21110 12
21084 21109 42
21088 21107 49
21093 21109 238
21095 21111 163
21110 21146 95
21125 21126 140
21138 21162 184
21149 21189 153
21178 21200 256
21182 21190 97
21199 21217 155
21227 21269 76
21237 21282 166
21261 21303 14
21272 21300 285
21283 21329 206
21289 21323 248
21315 21363 216
21321 21350 59
21351 21352 73
21352 21401 267
21372 21421 95
21401 21440 298
21411 21452 40
21422 21455 257
21442 21475 210
21454 21475 213
21455 21475 10
21478 21499 11
21485 21525 40
21506 21545 266
21507 21557 239
21508 21541 90
21535 21570 232
21554 21566 36
21570 21573 32
21575 21604 94
21581 21610 163
21596 21641 15
21601 21630 30
21607 21614 127
21627 21660 27
21629 21654 76
21643 21651 213
21652 21700 235
21653 21684 111
21674 21698 222
21693 21731 109
21707 21741 30
21731 21761 65
21755 21798 220
21756 21776 186
21781 21829 14
21803 21848 157
21815 21829 204
21826 21834 286
21839 21884 115
21866 21902 1
21873 21906 286
21887 21923 183
21889 21918 56
21892 21932 229
21899 21928 249
21916 21943 155
21936 21984 82
21963 21967 105
21982 21988 299
22001 22022 161
22030 22066 164
22052 22054 226
22057 22103 208
22078 22089 200
22096 22120 207
22122 22136 261
22146 22159 55
22150 22165 237
22173 22198 215
22173 22203 113
22201 22241 260
22204 22227 197
22233 22238 212
22240 22288 254
22262 22305 170
22264 22289 238
22287 22304 294
22304 22354 37
22333 22362 187
22356 22373 133
22376 22417 81
22402 22427 98
22414 22451 184
22426 22429 67
22451 22475 169
22477 22489 191
22480 22514 103
22497 22526 282
22519 22524 48
22549 22553 229
22570 22572 65
22574 22595 26
22602 22652 131
22607 22645 19
22628 22637 277
22640 22671 196
22668 22677 134
22678 22699 78
22703 22752 151
22723 22743 299
22731 22781 104
22756 22795 274
22784 22828 7
22784 22816 141
22799 22833 67
22811 22849 150
22837 22846 191
22847 22855 274
22870 22917 117
22880 22910 125
22898 22940 124
22911 22927 253
22911 22924 212
22913 22921 162
22926 22936 100
22942 22965 145
22945 22977 42
22966 22990 241
22978 23024 164
22988 23014 25
23008 23041 36
23020 23041 65
23027 23075 5
23040 23045 258
23046 23077 177
23048 23087 92
23060 23075 87
23076 23118 156
23082 23095 191
23105 23120 123
23119 23166 209
23137 23184 18
23148 23154 212
23157 23202 237
23161 23168 14
23188 23193 272
23198 23200 232
23206 23215 275
23234 23273 171
23248 23283 232
23278 23302 198
23286 23300 180
23307 23348 154
23337 23383 139
23367 23394 275
23386 23434 238
23393 23406 204
23413 23448 274
23413 23447 67
23431 23455 61
23431 23435 171
23439 23458 133
23463 23505 170
23493 23508 137
23517 23552 39
23520 23553 64
23547 23584 121
23573 23578 260
23581 23630 43
23590 23617 255
23600 23613 96
23614 23636 256
23630 23641 173
23642 23658 189
23650 23677 241
23670 23716 283
23686 23712 271
23705 23741 240
23719 23721 117
23744 23778 139
23768 23774 196
23795 23824 160
23810 23824 281
23824 23866 114
23852 23886 228
23863 23879 93
23880 23925 148
23908 23950 241
23929 23933 78
23940 23947 134
23953 23982 178
23977 23985 167
24006 24053 236
24022 24064 242
24028 24036 203
24043 24074 200
24049 24060 91
24054 24076 296
24060 24099 71
24067 24078 245
24083 24096 77
24108 24141 76
24129 24131 146
24129 24133 288
24136 24171 54
24147 24173 283
24162 24174 185
24174 24205 189
24194 24202 114
24221 24262 50
24233 24261 30
24261 24310 297
24262 24296 42
24281 24290 234
24283 24309 142
24296 24304 240
24316 24346 77
24320 24351 172
24325 24333 292
24331 24335 141
24360 24390 264
24376 24390 41
24385 24412 16
24414 24451 93
24444 24458 39
24465 24495 86
24473 24497 271
24478 24527 299
24491 24499 261
24491 24510 245
24512 24549 147
24538 24575 175
24565 24598 55
24575 24607 122
24584 24611 245
24606 24643 295
24620 24622 300
24647 24658 6
24664 24710 214
24664 24681 120
24688 24716 230
24688 24737 19
24709 24712 236
24725 24761 70
24732 24750 128
24746 24747 77
24763 24790 249
24777 24806 64
24777 24801 42
24777 24812 136
24795 24842 168
24804 24844 224
24831 24842 23
24847 24857 234
24870 24875 95
24886 24904 77
24905 24934 240
24920 24945 241
24931 24957 266
24943 24965 194
24961 24984 248
24968 25012 152
24995 25032 270
24996 25009 105
25001 25011 103
25010 25050 99
25024 25067 188
25052 25075 188
25058 25066 205
25074 25085 73
25095 25118 109
25102 25122 6
25104 25121 261
25119 25153 258
25143 25168 45
25167 25208 31
25193 25228 51
25213 25218 264
25219 25223 287
25241 25286 102
25269 25282 120
25269 25293 207
25281 25308 48
25301 25315 249
25321 25329 199
25347 25390 269
25350 25391 274
25363 25398 230
25375 25406 252
25403 25430 213
25433 25459 288
25449 25487 275
25468 25492 34
25489 25531 300
25497 25500 51
25522 25540 248
25528 25578 167
25544 25545 242
25564 25601 160
25570 25598 47
25576 25590 249
25579 25606 169
25588 25616 101
25618 25667 9
25648 25680 87
25659 25698 48
25675 25716 91
25678 25719 26
25708 25754 192
25718 25746 135
25718 25744 279
25732 25748 189
25738 25771 188
25760 25762 141
25761 25796 12
25764 25795 110
25780 25807 130
25800 25804 15
25811 25821 82
25836 25853 233
25845 25894 62
25855 25889 13
25885 25935 179
25906 25951 214
25934 25952 205
25941 25961 126
25942 25952 43
25972 26015 290
25980 26010 184
26009 26019 182
26027 26076 47
26038 26061 210
26064 26069 143
26066 26112 115
26073 26114 75
26087 26088 85
26089 26131 217
26102 26145 276
26106 26116 95
26133 26160 260
26142 26175 5
26159 26177 126
26177 26186 276
26182 26207 50
26190 26235 39
26215 26263 52
26245 26274 246
26260 26266 77
26266 26304 51
26290 26335 273
26293 26301 272
26298 26310 226
26327 26341 127
26345 26364 84
26357 26406 193
26379 26383 123
26405 26431 75
26407 26454 85
26434 26479 225
26450 26477 197
26461 26479 219
26481 26493 206
26484 26510 249
26485 26491 65
26513 26529 123
26531 26565 52
26557 26587 156
26577 26612 185
26595 26632 215
26617 26647 55
26618 26665 54
26640 26656 14
26642 26653 135
26644 26653 231
26652 26674 256
26657 26691 5
26687 26726 95
26693 26712 268
26700 26734 128
26706 26733 240
26728 26770 278
26728 26751 94
26729 26744 145
26754 26776 30
26761 26806 269
26778 26783 272
26785 26822 16
26803 26810 40
26815 26831 17
26841 26879 101
26852 26873 94
26870 26909 273
26893 26897 14
26898 26907 226
26923 26927 255
26928 26964 51
26935 26954 291
26954 26962 120
26978 27025 199
26982 26992 39
26999 27041 266
27003 27037 285
27023 27024 66
27050 27094 248
27067 27086 89
27089 27106 79
27094 27122 22
27105 27116 98
27114 27139 124
27132 27172 46
27156 27180 205
27185 27208 210
27209 27256 173
27214 27260 111
27216 27253 12
27224 27230 141
27240 27245 59
27264 27291 277
27294 27340 5
27314 27342 196
27342 27344 259
27353 27393 227
27374 27399 111
27398 27403 172
27428 27473 166
27435 27464 41
27460 27475 161
27489 27502 146
27509 27556 261
27535 27555 195
27552 27568 51
27558 27605 60
27585 27595 164
27598 27604 216
27598 27619 217
27626 27641 119
27636 27649 63
27655 27671 1
27670 27688 1
27690 27707 285
27698 27700 103
27727 27745 109
27745 27785 132
27747 27797 115
27757 27787 296
27776 27804 115
27794 27828 204
27807 27826 281
27820 27843 219
27832 27839 81
27858 27871 93
27888 27896 190
27897 27947 295
27901 27919 13
27916 27957 298
27936 27986 50
27945 27954 101
27967 28007 111
27970 28017 31
27993 28004 254
28013 28056 146
28039 28053 247
28066 28109 97
28078 28088 227
28097 28141 269
28105 28111 164
28128 28159 48
28136 28168 181
28154 28167 83
28159 28176 205
28180 28217 103
28197 28217 88
28206 28230 75
28207 28208 80
28213 28241 208
28216 28253 211
28219 28222 209
28244 28245 150
28258 28263 12
28260 28268 33
28260 28263 95
28288 28331 98
28296 28319 232
28318 28368 146
28318 28339 277
28339 28375 73
28351 28370 187
28379 28392 291
28390 28418 77
28392 28424 269
28412 28432 172
28442 28474 8
28463 28476 160
28475 28490 96
28494 28544 145
28510 28528 123
28531 28533 137
28561 28599 246
28584 28631 166
28601 28637 7
28604 28608 169
28631 28640 234
28637 28655 248
28658 28663 240
28672 28720 52
28692 28716 7
28717 28722 69
28729 28740 7
28738 28766 261
28740 28753 24
28742 28790 60
28760 28766 33
28789 28793 229
28796 28835 292
28804 28828 122
28816 28839 52
28836 28844 131
28857 28897 150
28883 28885 83
28908 28939 296
28925 28926 293
28927 28946 238
28945 28992 252
28954 28971 181
28968 29008 140
28975 28987 165
28981 29021 31
28989 29012 146
28994 29041 30
29020 29066 254
29048 29058 232
29051 29068 241
29072 29102 140
29102 29133 126
29123 29136 135
29139 29180 84
29159 29202 25
29186 29204 39
29210 29257 47
29235 29251 177
29251 29253 180
29273 29282 190
29293 29297 144
29318 29345 294
29322 29330 90
29329 29339 101
29355 29397 102
29363 29369 128
29381 29397 241
29408 29455 53
29430 29465 247
29433 29452 63
29440 29446 66
29443 29467 265
29443 29490 42
29471 29476 103
29493 29539 231
29523 29539 241
29537 29562 75
29564 29600 82
29589 29631 121
29612 29661 93
29626 29642 300
29634 29672 127
29639 29682 32
29646 29688 71
29668 29679 100
29677 29710 113
29689 29707 260
29719 29748 130
29725 29735 149
29741 29776 114
29749 29756 230
29776 29782 94
29782 29809 50
29809 29848 48
29811 29843 87
29824 29847 144
29843 29857 124
29871 29883 224
29891 29897 185
29908 29945 146
29923 29942 276
29953 29973 205
29980 30006 169
29980 30026 243
30009 30048 283
30036 30077 184
30053 30077 189
30068 30104 199
30076 30086 210
30104 30116 105
30119 30151 55
30142 30171 24
30149 30199 146
30149 30199 99
30176 30189 115
30201 30219 114
30216 30244 149
30236 30267 219
30241 30255 97
30258 30265 22
30275 30304 127
30297 30303 178
30322 30357 144
30348 30397 205
30352 30389 16
30382 30396 212
30411 30428 269
30427 30472 21
30457 30473 241
30467 30503 10
30488 30509 27
30504 30537 95
30510 30559 14
30531 30570 52
30536 30547 199
30557 30602 41
30566 30587 107
30582 30611 163
30600 30604 84
30627 30657 90
30657 30664 92
30686 30713 283
30703 30737 217
30728 30774 293
30748 30775 214
30768 30794 118
30789 30794 58
30791 30839 138
30797 30844 290
30810 30857 225
30837 30872 32
30849 30876 181
30878 30887 86
30883 30901 273
30894 30895 58
30904 30937 150
30931 30980 144
30935 30981 188
30961 31010 283
30973 31022 234
30981 31024 288
31011 31044 64
31020 31046 129
31043 31086 43
31066 31097 2
31094 31136 237
31095 31130 252
31100 31119 244
31116 31149 108
31127 31139 170
31136 31148 158
31158 31202 84
31171 31219 14
31174 31206 183
31193 31203 29
31214 31222 294
31215 31246 53
31235 31255 199
31257 31302 31
31277 31289 294
31299 31345 133
31304 31337 248
31309 31352 31
31314 31354 193
31324 31369 202
31339 31369 66
31356 31376 37
31363 31372 130
31376 31382 276
31382 31424 10
31383 31397 61
31396 31443 211
31416 31463 293
31440 31490 7
31443 31462 42
31452 31487 184
31479 31517 5
31505 31542 286
31512 31528 7
31538 31557 118
31563 31600 236
31570 31574 137
31580 31596 173
31586 31632 185
31594 31598 131
31617 31625 118
31619 31625 70
31643 31688 242
31669 31690 128
31698 31707 226
31727 31751 11
31727 31728 46
31751 31775 22
31764 31770 195
31779 31811 255
31800 31809 278
31803 31836 294
31832 31848 195
31848 31863 260
31856 31870 193
31856 31877 105
31857 31906 76
31864 31873 121
31894 31916 256
31917 31938 10
31921 31967 81
31936 31975 272
31958 32002 151
31981 32008 254
31982 31993 234
31985 32032 95
32015 32048 299
32034 32035 181
32034 32058 65
32061 32080 198
32077 32101 64
32083 32126 287
32104 32135 56
32107 32143 263
32114 32149 159
32120 32127 28
32150 32152 119
32179 32184 161
32188 32231 268
32217 32230 162
32245 32246 169
32270 32275 278
32285 32318 28
32308 32330 58
32316 32338 110
32344 32345 61
32373 32380 198
32391 32418 9
32410 32446 11
32434 32455 84
32456 32470 160
32466 32473 49
32496 32511 110
32503 32509 78
32506 32514 223
32524 32558 48
32538 32552 161
32543 32583 61
32568 32595 260
32585 32628 220
32585 32631 283
32594 32613 69
32608 32624 100
32636 32661 103
32661 32691 119
32662 32669 196
32669 32715 226
32674 32686 195
32697 32736 39
32724 32769 77
32729 32742 66
32756 32798 37
32779 32786 129
32791 32792 202
32795 32812 123
32816 32828 5
32842 32859 123
32857 32903 214
32869 32894 135
32870 32894 142
32878 32926 102
32893 32912 132
32920 32949 74
32930 32961 208
32939 32968 211
32965 32982 203
32984 33008 25
33009 33039 180
33029 33039 193
33055 33083 231
33059 33100 178
33070 33104 108
33086 33108 99
33101 33126 23
33103 33151 262
33125 33128 197
33135 33145 126
33136 33162 161
33142 33149 285
33171 33214 139
33199 33222 127
33218 33260 196
33233 33236 221
33253 33295 77
33279 33284 138
33302 33307 19
33317 33345 80
33323 33365 38
33333 33368 135
33347 33356 244
33370 33404 170
33382 33384 38
33400 33446 296
33422 33440 157
33434 33478 259
33460 33500 49
33490 33519 41
33511 33522 189
33532 33576 74
33532 33538 174
33558 33569 179
33558 33580 219
33574 33578 226
33578 33590 229
33592 33642 29
33616 33637 77
33632 33682 89
33646 33684 65
33650 33675 140
33664 33687 101
33681 33718 278
33682 33689 79
33709 33751 253
33723 33766 156
33736 33750 268
33749 33756 107
33754 33761 150
33780 33792 61
33804 33825 121
33816 33853 57
33842 33861 75
33843 33853 279
33865 33871 300
33869 33915 236
33894 33941 171
33919 33960 229
33930 33973 162
33931 33966 197
33941 33979 277
33962 34010 38
33991 33999 156
34015 34027 23
34027 34077 87
34030 34060 90
34047 34072 125
34071 34095 102
34083 34125 163
34094 34135 228
34095 34102 219
34113 34163 110
34116 34160 107
34120 34139 289
34143 34178 187
34172 34217 156
34182 34221 120
34187 34197 232
34207 34248 31
34207 34237 42
34211 34259 174
34240 34279 292
34269 34304 268
34273 34292 71
34279 34298 33
34298 34342 231
34304 34308 138
34327 34328 178
34346 34392 176
34348 34355 33
34370 34399 234
34397 34431 125
34414 34422 111
34420 34451 274
34428 34459 237
34442 34461 147
34470 34491 133
34478 34487 51
34501 34539 102
34517 34536 231
34527 34566 149
34536 34537 42
34562 34582 295
34568 34613 233
34582 34618 184
34590 34604 288
34616 34650 164
34619 34669 172
34645 34692 237
34674 34717 100
34689 34724 160
34710 34717 273
34721 34768 235
34745 34780 13
34770 34776 294
34791 34809 244
34796 34837 52
34823 34867 169
34823 34859 97
34841 34868 176
34861 34907 113
34885 34918 279
34914 34942 76
34924 34957 243
34944 34980 54
34950 34966 206
34966 34997 129
34977 34986 263
34990 35039 10
34996 35014 61
35000 35050 187
35018 35035 162
35020 35028 61
35031 35046 274
35060 35099 182
35084 35099 294
35109 35125 196
35137 35171 265
35139 35174 251
35158 35167 189
35187 35231 176
35195 35243 256
35201 35228 38
35207 35244 167
35232 35250 11
35255 35263 248
35277 35293 253
35282 35319 131
35286 35328 276
35316 35340 244
35324 35368 259
35325 35364 158
35337 35344 150
35350 35383 232
35359 35398 163
35385 35388 92
35413 35435 21
35423 35471 106
35438 35452 286
35442 35471 279
35467 35499 69
35486 35495 17
35500 35549 32
35525 35554 23
35546 35593 88
35553 35580 6
35576 35593 6
35605 35650 100
35616 35627 297
35618 35664 29
35625 35643 133
35652 35691 44
35659 35662 150
35684 35685 154
35684 35728 76
35712 35758 63
35719 35768 75
35727 35741 243
35730 35766 77
35744 35746 212
35750 35764 233
35753 35760 13
35782 35789 273
35809 35847 105
35811 35857 276
35822 35868 70
35842 35865 216
35868 35898 16
35868 35872 285
35897 35898 58
35923 35960 270
35930 35936 176
35932 35952 92
35938 35955 25
35943 35972 210
35971 36010 94
35980 35995 23
36002 36012 175
36008 36032 173
36029 36077 9
36036 36061 90
36044 36068 152
36051 36072 225
36071 36094 14
36075 36082 281
36100 36130 23
36101 36135 48
36111 36113 118
36114 36155 70
36137 36172 283
36155 36184 99
36178 36226 236
36196 36221 18
36202 36245 155
36214 36264 93
36232 36258 180
36243 36263 271
36248 36298 212
36256 36302 235
36271 36275 253
36281 36296 33
36299 36337 213
36329 36336 84
36344 36368 107
36358 36389 20
36378 36400 284
36401 36417 177
36418 36431 192
36429 36464 266
36454 36469 125
36471 36474 226
36472 36514 146
36481 36509 219
36493 36541 178
36498 36520 152
36515 36523 134
36524 36535 19
36524 36552 263
36549 36559 287
36549 36588 121
36549 36568 64
36570 36613 76
36592 36618 220
36592 36612 130
36601 36644 247
36602 36645 165
36612 36661 39
36630 36652 24
36650 36681 236
36671 36689 67
36690 36729 235
36714 36752 241
36731 36775 3
36732 36744 259
36738 36779 84
36749 36777 94
36775 36823 44
36796 36820 184
36806 36818 152
36817 36818 110
36842 36844 18
36858 36904 51
36884 36912 137
36905 36947 281
36911 36958 290
36927 36930 253
36956 36957 274
36986 37015 137
37013 37041 296
37024 37047 211
37027 37060 28
37045 37047 46
37074 37105 261
37077 37108 56
37096 37107 135
37107 37129 98
37115 37143 294
37132 37162 141
37151 37172 255
37178 37228 274
37208 37249 42
37230 37251 215
37250 37267 151
37251 37264 76
37260 37261 207
37275 37283 73
37278 37305 260
37298 37348 168
37324 37352 180
37349 37364 11
37369 37378 179
37390 37391 147
37404 37427 258
37425 37443 17
37433 37466 56
37456 37467 231
37482 37525 245
37507 37509 77
37520 37536 43
37534 37566 228
37547 37550 122
37551 37594 296
37560 37594 95
37585 37633 43
37598 37613 110
37604 37622 69
37623 37667 89
37627 37647 247
37654 37661 249
37680 37686 245
37703 37727 297
37726 37772 74
37727 37770 146
37731 37769 7
37755 37784 88
37763 37776 92
37765 37796 300
37784 37796 220
37795 37824 67
37806 37826 266
37821 37834 221
37841 37856 34
37868 37900 238
37882 37913 182
37884 37908 209
37911 37920 164
37937 37974 237
37949 37973 284
37977 37997 54
37986 38020 220
37999 38023 125
38016 38030 296
38031 38073 7
38047 38083 33
38050 38096 172
38070 38112 218
38075 38100 190
38078 38123 294
38093 38115 101
38118 38162 282
38118 38149 247
38131 38152 219
38149 38169 125
38173 38176 157
38195 38230 196
38225 38231 256
38247 38285 49
38261 38275 178
38282 38330 187
38303 38315 220
38303 38343 31
38330 38354 92
38339 38347 168
38368 38416 8
38388 38413 207
38412 38426 245
38437 38458 212
38457 38496 4
38486 38528 92
38493 38519 98
38506 38507 208
38519 38550 130
38524 38567 237
38531 38580 295
38560 38581 276
38569 38614 30
38583 38585 27
38595 38617 204
38615 38622 179
38617 38621 284
38643 38664 150
38644 38677 251
38672 38679 227
38683 38697 179
38695 38738 110
38716 38722 69
38735 38782 152
38760 38805 107
38788 38818 98
38794 38840 162
38798 38848 149
38819 38821 46
38824 38833 271
38835 38846 157
38858 38862 178
38877 38891 246
38899 38909 183
38902 38938 97
38917 38925 174
38933 38935 16
38943 38989 267
38949 38975 116
38975 38976 201
38986 39026 72
39002 39005 54
39018 39042 154
39027 39047 173
39043 39071 292
39055 39068 272
39060 39071 202
39064 39104 24
39094 39143 97
39114 39128 45
39114 39144 78
39116 39142 47
39122 39141 188
39130 39146 210
39156 39183 172
39156 39201 211
39162 39170 65
39178 39195 285
39200 39241 171
39216 39246 40
39218 39222 202
39219 39260 149
39236 39238 32
39259 39280 90
39288 39297 140
39303 39333 188
39307 39318 232
39320 39339 222
39350 39378 216
39353 39394 207
39361 39397 179
39373 39397 11
39402 39426 115
39421 39434 77
39440 39444 252
39467 39476 124
39467 39475 24
39496 39515 279
39496 39512 91
39515 39549 93
39533 39545 279
39542 39548 40
39563 39593 65
39580 39611 158
39609 39628 209
39620 39637 103
39647 39669 21
39661 39697 243
39662 39694 82
39672 39680 256
39690 39713 190
39719 39767 176
39726 39732 270
39749 39781 119
39749 39770 61
39751 39767 224
39770 39807 183
39771 39788 68
39786 39825 285
39790 39796 265
39810 39825 84
39839 39877 212
39839 39842 178
39841 39853 37
39841 39852 274
39851 39859 190
39851 39882 10
39869 39886 94
39896 39911 233
39900 39935 162
39911 39953 26
39939 39961 191
39959 39976 194
39965 39986 152
39984 40007 224
39999 40044 278
40019 40057 8
40019 40027 99
40032 40070 47
40039 40044 62
40054 40102 50
40054 40066 278
40083 40090 55
40098 40142 282
40104 40121 236
40131 40144 60
40141 40159 144
40158 40192 11
40185 40219 21
40198 40238 225
40201 40235 118
40203 40213 134
40211 40231 261
40232 40278 78
40244 40250 31
40261 40263 75
40267 40278 89
40268 40314 282
40273 40282 158
40276 40295 280
40283 40295 209
40295 40301 120
40311 40337 263
40340 40356 129
40348 40361 233
40361 40391 286
40361 40377 138
40368 40401 7
40393 40398 190
40421 40461 19
40426 40450 83
40430 40473 177
40443 40471 292
40454 40480 181
40480 40527 111
40499 40524 139
40510 40558 260
40526 40549 180
40528 40557 6
40534 40579 30
40553 40601 235
40581 40630 224
40609 40628 232
40639 40682 98
40661 40685 187
40690 40727 88
40719 40763 187
40749 40767 181
40764 40811 50
40775 40776 189
40797 40845 83
40800 40802 79
40807 40835 231
40835 40869 180
40854 40879 188
40877 40894 16
40881 40916 229
40886 40903 142
40886 40934 61
40904 40951 185
40922 40954 79
40927 40947 173
40948 40994 164
40974 41015 65
40981 40983 163
40989 41026 264
41006 41054 188
41009 41043 238
41032 41074 117
41056 41071 160
41070 41076 12
41095 41097 189
41106 41141 95
41131 41157 36
41153 41197 231
41166 41204 276
41174 41217 86
41198 41233 243
41225 41240 67
41227 41276 90
41251 41293 16
41271 41273 119
41292 41319 256
41317 41327 249
41330 41370 2
41347 41352 94
41356 41401 228
41364 41375 293
41372 41404 269
41399 41400 68
41400 41410 121
41403 41412 9
41411 41448 28
41437 41450 68
41462 41468 84
41473 41476 105
41480 41506 33
41499 41510 76
41525 41573 195
41549 41559 219
41554 41557 58
41577 41625 225
41597 41618 152
41605 41638 248
41619 41669 284
41640 41666 212
41641 41686 142
41656 41705 205
41665 41666 70
41667 41668 75
41677 41697 214
41702 41735 6
41705 41715 156
41709 41710 119
41713 41723 293
41723 41742 219
41747 41788 216
41750 41780 167
41770 41775 278
41796 41817 100
41803 41849 272
41830 41872 125
41859 41863 223
41877 41884 268
41882 41884 217
41896 41913 45
41925 41954 183
41936 41974 228
41940 41950 192
41946 41953 86
41956 41994 219
41984 41998 171
41987 42015 9
42014 42019 243
42037 42044 284
42037 42083 233
42057 42102 122
42083 42097 247
42111 42143 154
42122 42136 102
42124 42172 230
42139 42181 210
42158 42159 75
42183 42217 68
42194 42220 232
42197 42214 102
42224 42262 283
42240 42252 263
42250 42275 138
42259 42276 270
42273 42281 6
42274 42281 154
42290 42313 216
42315 42346 255
42316 42324 234
42336 42373 157
42351 42372 139
42376 42379 60
42400 42402 109
42425 42444 213
42449 42496 109
42472 42490 294
42485 42506 34
42490 42540 45
42519 42561 38
42542 42547 258
42554 42596 54
42561 42583 86
42573 42578 287
42575 42624 262
42582 42618 102
42610 42635 18
42638 42663 246
42657 42676 71
42683 42721 242
42690 42713 204
42707 42739 230
42732 42778 230
42750 42758 81
42752 42780 272
42762 42764 3
42777 42810 181
42797 42824 62
42807 42855 114
42811 42858 267
42840 42886 11
42849 42857 114
42864 42879 259
42891 42895 53
42918 42948 6
42927 42932 276
42949 42998 83
42961 43010 236
42968 43008 137
42997 43042 273
43003 43036 12
43019 43067 246
43049 43067 50
43079 43128 194
43106 43116 40
43120 43129 154
43132 43166 5
43142 43182 259
43153 43193 280
43157 43179 4
43162 43171 152
43165 43170 153
43170 43171 99
43170 43173 234
43175 43201 37
43175 43197 212
43178 43186 197
43193 43213 182
43213 43244 137
43224 43251 25
43247 43250 109
43267 43305 42
43289 43336 3
43297 43316 244
43319 43361 94
43319 43331 286
43345 43346 214
43350 43384 107
43365 43373 257
43375 43385 150
43401 43421 88
43402 43442 39
43405 43412 257
43433 43446 182
43453 43460 143
43478 43523 289
43492 43523 115
43500 43507 2
43516 43534 243
43539 43582 235
43566 43582 27
43589 43612 94
43616 43649 26
43643 43680 198
43651 43695 137
43671 43686 86
43701 43722 194
43704 43740 148
43732 43763 51
43748 43774 55
43762 43811 144
43786 43816 163
43808 43839 294
43809 43840 223
43814 43828 134
43841 43848 198
43867 43916 148
43892 43914 62
43900 43925 222
43917 43950 178
43942 43976 277
43945 43957 13
43962 43966 63
43984 43996 14
44009 44056 100
44026 44075 50
44038 44086 35
44045 44077 200
44050 44080 273
44056 44058 114
44084 44085 249
44114 44158 222
44122 44133 105
44132 44159 64
44155 44191 105
44159 44200 107
44162 44193 10
44163 44181 130
44187 44206 214
44213 44223 162
44238 44272 283
44267 44284 181
44288 44317 200
44303 44320 258
44312 44355 132
44313 44340 201
44343 44377 258
44361 44394 62
44367 44383 225
44371 44385 182
44378 44403 176
44394 44433 70
44414 44447 249
44439 44471 238
44462 44476 187
44486 44495 78
44488 44538 162
44506 44525 141
44518 44565 55
44533 44572 174
44555 44589 45
44585 44604 280
44612 44658 215
44620 44621 189
44646 44692 165
44647 44682 125
44658 44674 72
44661 44699 87
44667 44679 102
44668 44670 291
44687 44726 165
44702 44729 180
44732 44762 161
44738 44777 102
44751 44797 238
44755 44803 256
44760 44805 234
44767 44804 224
44778 44825 65
44793 44818 175
44795 44807 25
44817 44861 285
44846 44875 105
44850 44852 55
44871 44873 233
44895 44920 41
44912 44959 208
44933 44981 232
44948 44988 235
44969 45002 98
44977 45012 94
44996 45032 295
45002 45043 200
45008 45031 196
45022 45056 110
45052 45096 114
45055 45058 104
45066 45096 295
45077 45097 247
45085 45119 49
45105 45147 25
45127 45132 15
45155 45203 239
45176 45179 88
45192 45202 70
45213 45219 107
45219 45232 290
45229 45264 49
45240 45248 77
45256 45280 117
45283 45304 89
45310 45322 288
45326 45362 282
45344 45352 290
45355 45403 77
45370 45383 244
45376 45416 182
45404 45440 78
45418 45422 255
45439 45486 259
45451 45466 212
45464 45513 116
45471 45508 23
45474 45498 169
45497 45518 101
45502 45534 226
45511 45560 55
45528 45529 119
45528 45549 166
45544 45555 15
45565 45573 82
45579 45627 11
45609 45643 296
45630 45656 121
45631 45655 19
45658 45669 230
45687 45711 100
45704 45729 271
45717 45754 36
45746 45787 63
45757 45804 211
45771 45784 272
45776 45796 32
45786 45815 50
45810 45856 181
45816 45857 212
45836 45838 95
45861 45879 233
45885 45917 265
45915 45963 204
45931 45941 292
45932 45967 156
45957 45979 170
45981 46022 112
46011 46022 295
46041 46087 247
46051 46058 215
46053 46087 64
46079 46099 279
46106 46141 98
46129 46176 87
46138 46184 36
46149 46181 55
46163 46166 78
46177 46219 15
46177 46195 246
46194 46225 294
46198 46199 164
46202 46239 89
46210 46232 92
46232 46257 90
46245 46253 43
46264 46281 227
46288 46321 14
46296 46298 159
46314 46355 163
46318 46327 155
46322 46341 26
46341 46383 258
46355 46358 55
46362 46365 176
46377 46399 46
46377 46395 133
46398 46430 92
46424 46452 126
46451 46476 271
46459 46478 212
46487 46504 123
46492 46533 247
46506 46538 41
46525 46537 152
46549 46575 276
46577 46620 276
46577 46609 230
46579 46601 241
46587 46588 272
46587 46596 165
46597 46615 254
46611 46613 278
46631 46647 146
46634 46678 241
46661 46699 89
46687 46710 8
46712 46747 118
46721 46741 111
46749 46791 186
46750 46790 92
46778 46816 274
46795 46800 33
46810 46849 11
46830 46847 99
46830 46852 87
46840 46886 41
46861 46879 57
46871 46874 268
46886 46899 260
46888 46896 285
46896 46936 204
46905 46955 33
46911 46951 68
46912 46930 13
46940 46971 195
46963 46969 176
46974 46991 214
46974 47006 177
46982 47029 100
46987 47005 94
46995 47030 202
47013 47019 118
47027 47074 135
47034 47064 255
47046 47061 285
47060 47062 238
47077 47119 195
47081 47091 168
47102 47139 179
47129 47177 245
47156 47175 180
47158 47170 202
47166 47174 60
47184 47195 156
47202 47239 46
47224 47264 293
47229 47271 98
47238 47267 257
47254 47272 151
47280 47311 152
47308 47354 199
47312 47316 11
47326 47365 230
47331 47334 224
47343 47362 136
47371 47400 63
47377 47423 29
47394 47419 152
47399 47417 76
47399 47425 295
47409 47459 127
47421 47428 245
47441 47481 235
47470 47508 213
47476 47523 297
47490 47536 86
47514 47515 76
47528 47549 108
47554 47561 110
47575 47607 255
47592 47619 281
47603 47604 202
47613 47627 116
47631 47640 69
47655 47675 128
47657 47672 286
47659 47707 215
47660 47705 160
47680 47710 65
47704 47729 189
47719 47742 281
47736 47757 162
47756 47790 155
47784 47819 252
47793 47811 52
47803 47850 225
47811 47860 142
47827 47855 88
47853 47892 289
47864 47906 72
47885 47900 297
47908 47930 127
47938 47953 120
47956 47988 128
47971 48017 251
47982 48010 252
47996 48001 163
47998 48025 131
47999 48001 131
48024 48028 142
48025 48071 296
48037 48058 142
48061 48068 161
48065 48092 175
48065 48095 250
48070 48073 34
48100 48122 37
48113 48155 130
48138 48149 154
48145 48191 142
48155 48179 33
48178 48193 278
48197 48242 280
48197 48212 72
48204 48252 262
48220 48226 6
48220 48259 232
48227 48277 49
48239 48271 263
48256 48304 35
48267 48292 173
48285 48314 240
48299 48319 85
48323 48363 222
48323 48364 22
48342 48364 264
48348 48378 115
48366 48394 172
48389 48397 39
48413 48437 271
48425 48471 91
48453 48489 281
48472 48504 253
48494 48525 85
48511 48527 181
48516 48537 148
48542 48567 132
48556 48592 20
48576 48621 276
48590 48636 167
48595 48638 175
48624 48639 248
48635 48663 38
48655 48686 48
48665 48693 256
48685 48716 241
48699 48749 168
48717 48745 299
48743 48759 140
48753 48786 32
48764 48791 104
48778 48813 207
48783 48784 200
48811 48834 93
48820 48869 57
48842 48849 18
48843 48847 104
48869 48902 136
48885 48914 152
48913 48943 52
48922 48939 243
48937 48969 69
48960 49000 186
48990 49038 71
49004 49037 194
49024 49047 73
49034 49039 172
49048 49067 181
49075 49113 74
49075 49110 191
49096 49132 48
49109 49126 156
49128 49174 67
49155 49178 155
49162 49184 30
49174 49194 130
49181 49182 279
49198 49230 134
49223 49255 274
49237 49244 66
49248 49253 96
49272 49313 93
49272 49298 245
49281 49331 226
49303 49321 173
49315 49360 91
49334 49345 172
49361 49403 33
49383 49388 13
49411 49441 183
49436 49451 229
49459 49493 289
49467 49487 84
49494 49542 258
49498 49515 61
49522 49529 271
49548 49569 69
49567 49606 79
49578 49611 252
49604 49636 286
49613 49629 94
49627 49654 104
49652 49653 276
49667 49692 197
49670 49682 109
49671 49681 208
49701 49744 85
49715 49739 253
49734 49742 182
49734 49745 74
49757 49788 283
49769 49811 153
49771 49795 134
49792 49833 99
49803 49839 126
49806 49856 286
49825 49852 244
49846 49887 226
49860 49861 280
49881 49906 241
49910 49943 14
49922 49966 27
49930 49937 171
49937 49947 78
49956 49991 180
49959 49993 256
49965 50003 82
49990 50001 230
49997 50016 171
50003 50022 193
50022 50045 54
50052 50086 160
50076 50077 167
50104 50117 158
50111 50132 31
50129 50158 124
50158 50173 292
50186 50196 238
50209 50226 105
50210 50256 172
50210 50251 286
50221 50229 243
50239 50245 238
50255 50289 294
50282 50300 266
50307 50346 270
50322 50359 272
50339 50370 290
50344 50350 146
50372 50413 264
50398 50446 30
50406 50421 87
50432 50437 18
50441 50464 242
50444 50485 141
50452 50496 174
50457 50485 198
50457 50458 163
50459 50506 59
50486 50489 251
50496 50519 154
50520 50536 79
50539 50553 281
50549 50569 258
50558 50576 124
50576 50593 49
50599 50637 68
50622 50659 1
50626 50664 202
50631 50659 141
50658 50685 122
50685 50690 102
50700 50709 148
50721 50757 190
50744 50789 234
50758 50767 259
50772 50775 205
50791 50838 63
50805 50846 232
50820 50839 255
50847 50894 138
50862 50889 97
50868 50882 287
50890 50925 228
50910 50920 117
50912 50946 145
50926 50976 133
50952 50969 257
50979 50987 98
50996 51036 284
51013 51049 162
51037 51040 13
51058 51088 56
51076 51119 212
51098 51124 66
51118 51120 165
51144 51145 197
51172 51190 246
51195 51224 227
51221 51270 113
51249 51269 129
51271 51312 250
51295 51307 113
51314 51337 10
51326 51373 225
51326 51368 223
51351 51382 228
51376 51410 31
51386 51432 169
51412 51430 11
51418 51454 205
51421 51435 189
51423 51462 172
51437 51450 54
51462 51501 7
51466 51470 22
51488 51518 206
51510 51546 59
51540 51587 120
51554 51575 16
51565 51575 176
51570 51602 207
51571 51593 13
51597 51628 23
51609 51658 229
51637 51678 200
51650 51657 27
51659 51705 245
51688 51714 193
51694 51732 74
51697 51742 174
51726 51745 235
51730 51757 14
51730 51751 210
51742 51783 258
51749 51787 97
51765 51778 258
51787 51819 51
51812 51837 186
51826 51829 211
51846 51876 114
51866 51894 188
51876 51881 277
51902 51925 202
51923 51944 252
51947 51985 88
51969 52004 107
51999 52008 263
52002 52035 44
52003 52029 133
52018 52043 201
52029 52065 230
52044 52093 14
52048 52077 166
52077 52125 91
52096 52140 137
52101 52126 294
52106 52131 191
52112 52158 135
52136 52181 228
52157 52162 27
52182 52224 89
52209 52250 288
52231 52261 193
52241 52278 202
52266 52272 256
52274 52278 12
52292 52316 94
52295 52310 260
52312 52344 39
52336 52356 47
52346 52389 223
52346 52376 84
52366 52372 88
52369 52410 14
52399 52417 4
52416 52445 110
52440 52448 208
52456 52460 224
52457 52487 205
52484 52494 266
52491 52510 208
52504 52522 198
52505 52526 59
52524 52527 182
52537 52580 223
52550 52589 116
52580 52585 163
52587 52598 181
52591 52607 274
52615 52630 278
52638 52644 260
52662 52712 67
52684 52734 217
52696 52697 242
52711 52751 157
52740 52742 61
52756 52793 69
52772 52807 30
52800 52818 252
52826 52869 297
52848 52868 113
52876 52909 216
52878 52879 5
52894 52934 263
52901 52925 247
52911 52961 199
52928 52936 54
52945 52959 51
52956 53003 262
52965 52968 157
52982 52984 62
53006 53042 237
53011 53047 229
53026 53073 285
53038 53062 267
53055 53094 287
53061 53099 260
53077 53084 51
53079 53124 155
53096 53120 208
53120 53142 13
53150 53183 269
53179 53215 72
53193 53226 253
53197 53218 60
53219 53244 143
53225 53228 158
53235 53264 160
53264 53282 275
53277 53288 137
53305 53343 295
53323 53337 273
53331 53349 265
53358 53387 146
53369 53385 75
53398 53401 58
53399 53415 246
53401 53409 7
53424 53437 183
53428 53430 145
53444 53462 217
53455 53476 97
53467 53491 281
53483 53525 22
53508 53510 192
53510 53511 156
53510 53512 103
53514 53542 183
53534 53542 2
53553 53597 243
53561 53574 190
53576 53622 66
53604 53630 252
53617 53652 125
53638 53685 188
53642 53682 252
53648 53676 157
53657 53702 30
53674 53713 295
53696 53721 155
53709 53714 145
53729 53767 13
53742 53751 45
53749 53769 157
53749 53784 238
53772 53806 3
53777 53823 56
53780 53806 294
53798 53847 165
53798 53817 25
53820 53832 56
53820 53859 200
53826 53870 98
53843 53872 214
53866 53915 157
53890 53909 275
53913 53948 55
53941 53984 241
53954 53982 53
53957 53997 224
53980 53992 208
53983 54027 33
53983 53999 182
54009 54050 274
54024 54026 40
54032 54045 91
54056 54061 143
54065 54113 203
54077 54123 165
54091 54102 267
54102 54123 240
54130 54134 220
54140 54143 185
54162 54164 93
54166 54198 15
54166 54169 160
54192 54207 178
54197 54213 276
54226 54250 224
54244 54254 98
54247 54259 167
54262 54308 89
54282 54298 89
54311 54354 107
54327 54348 54
54346 54386 281
54349 54384 113
54376 54392 263
54383 54399 59
54384 54406 166
54406 54408 16
54409 54455 21
54425 54438 192
54434 54483 19
54448 54461 17
54470 54480 191
54498 54518 128
54510 54553 204
54520 54553 21
54537 54554 246
54547 54560 229
54571 54576 48
54600 54601 109
54616 54629 244
54623 54637 37
54644 54683 84
54672 54686 59
54673 54698 123
54683 54714 256
54684 54685 64
54712 54725 181
54721 54756 101
54723 54772 163
54748 54772 93
54752 54773 109
54781 54824 228
54802 54823 133
54806 54838 59
54814 54856 61
54830 54866 139
54844 54856 26
54846 54847 236
54850 54855 132
54857 54898 42
54866 54898 262
54879 54922 88
54902 54924 106
54905 54926 201
54932 54973 94
54943 54960 77
54949 54975 20
54976 55014 4
54997 55004 119
55005 55008 286
55008 55054 247
55030 55050 123
55043 55044 136
55071 55077 129
55071 55102 258
55091 55117 260
55114 55131 211
55129 55158 142
55135 55138 251
55144 55171 106
55146 55186 102
55175 55187 51
55194 55233 238
55224 55255 58
55225 55232 88
55252 55301 119
55258 55294 274
55277 55304 22
55307 55331 289
55311 55342 218
55311 55342 62
55338 55364 27
55360 55403 165
55373 55378 169
55376 55411 300
55376 55417 241
55388 55422 298
55405 55417 63
55426 55457 57
55447 55483 154
55447 55466 147
55455 55480 284
55464 55495 92
55485 55500 281
55497 55520 251
55497 55544 35
55497 55498 71
55523 55560 277
55524 55557 193
55544 55581 147
55563 55583 88
55568 55606 141
55582 55591 150
55608 55629 40
55631 55652 121
55643 55682 294
55670 55718 299
55680 55705 97
55682 55708 204
55710 55726 228
55738 55744 112
55751 55798 109
55764 55782 243
55792 55837 166
55812 55813 273
55815 55852 36
55820 55837 7
55837 55856 19
55855 55902 157
55867 55902 238
55897 55922 187
55921 55927 204
55940 55986 32
55946 55983 145
55971 56000 104
55974 55999 234
55976 56019 71
55999 56010 107
56009 56036 192
56030 56036 183
56041 56048 11
56057 56096 227
56068 56078 220
56095 56143 126
56118 56138 90
56127 56173 55
56147 56193 55
56162 56209 38
56178 56221 110
56180 56223 15
56198 56246 208
56202 56246 289
56224 56232 35
56242 56251 78
56250 56251 33
56252 56266 268
56259 56306 182
56262 56305 154
56281 56328 256
56294 56343 87
56317 56327 149
56344 56377 218
56354 56375 7
56372 56382 269
56381 56411 48
56397 56414 139
56401 56415 57
56407 56412 207
56413 56453 101
56436 56452 186
56454 56487 183
56480 56529 80
56487 56537 59
56513 56553 267
56514 56528 157
56541 56555 151
56571 56621 130
56576 56613 277
56601 56637 75
56609 56629 261
56634 56668 166
56634 56650 89
56657 56690 72
56686 56704 83
56703 56750 222
56731 56739 189
56733 56738 206
56759 56760 146
56771 56784 254
56796 56811 245
56803 56822 251
56821 56848 232
56826 56864 32
56848 56891 52
56873 56915 193
56880 56910 298
56907 56957 29
56926 56967 166
56943 56955 268
56954 56995 44
56966 57014 2
56974 56989 197
56990 57014 149
57013 57024 133
57033 57058 220
57043 57052 151
57065 57094 111
57066 57105 123
57088 57133 279
57097 57103 105
57100 57102 210
57102 57118 136
57112 57121 280
57134 57143 135
57164 57197 267
57189 57239 133
57189 57213 230
57211 57261 273
57219 57229 92
57230 57245 175
57236 57281 280
57249 57264 151
57270 57293 99
57288 57320 194
57307 57328 273
57335 57345 72
57350 57400 75
57363 57366 70
57377 57400 185
57395 57401 120
57400 57403 175
57416 57466 262
57435 57485 263
57463 57483 182
57480 57508 156
57499 57508 289
57517 57561 72
57528 57554 143
57551 57581 171
57560 57574 69
57579 57624 151
57595 57601 68
57595 57639 61
57595 57630 38
57601 57622 228
57627 57657 105
57633 57645 197
57634 57655 289
57648 57679 152
57654 57691 155
57680 57717 57
57709 57746 5
57724 57767 229
57746 57754 38
57746 57750 202
57760 57764 125
57775 57812 21
57788 57792 106
57812 57855 45
57819 57827 9
57843 57850 238
57854 57860 16
57867 57896 182
57871 57872 248
57887 57906 262
57892 57931 209
57896 57918 147
57910 57950 114
57932 57933 283
57941 57955 195
57944 57977 265
57951 57981 5
57977 58019 272
57992 58026 84
57996 58013 117
58023 58052 200
58024 58051 77
58041 58056 185
58064 58078 164
58081 58082 91
58091 58111 115
58096 58114 23
58100 58132 48
58102 58143 103
58126 58141 77
58134 58137 293
58145 58189 179
58153 58174 291
58180 58229 243
58195 58232 207
58221 58251 219
58226 58266 155
58256 58294 221
58266 58292 197
58287 58308 269
58315 58349 231
58324 58373 200
58354 58393 54
58366 58383 127
58391 58405 85
58399 58431 165
58420 58437 109
58440 58488 214
58445 58478 5
58451 58474 88
58470 58494 115
58482 58494 130
58493 58511 204
58495 58530 102
58523 58562 107
58526 58551 8
58543 58578 258
58548 58571 74
58557 58570 39
58571 58575 131
58579 58581 82
58585 58601 45
58588 58598 89
58601 58643 178
58617 58640 219
58628 58637 185
58634 58641 188
58656 58674 155
58660 58678 246
58690 58728 69
58707 58726 149
58711 58746 274
58716 58734 225
58739 58787 220
58765 58767 20
58773 58816 106
58790 58799 105
58805 58847 164
58832 58843 213
58862 58900 274
58866 58887 194
58891 58920 172
58905 58955 264
58933 58936 192
58954 58971 221
58962 59006 209
58991 59004 205
58993 59039 127
58997 59020 205
59007 59022 105
59024 59063 227
59050 59077 240
59054 59090 261
59063 59104 12
59068 59081 12
59096 59115 25
59099 59120 125
59109 59126 260
59125 59159 279
59126 59174 68
59129 59132 148
59142 59151 103
59169 59193 101
59183 59195 47
59188 59230 153
59216 59223 12
59220 59258 177
59234 59273 249
59257 59286 128
59259 59278 232
59285 59318 257
59301 59311 13
59314 59334 79
59342 59392 91
59344 59375 66
59374 59388 170
59404 59407 116
59407 59421 131
59436 59486 121
59452 59478 230
59472 59507 111
59483 59484 195
59501 59515 126
59528 59561 29
59546 59583 154
59549 59576 273
59562 59580 299
59587 59624 46
59592 59639 199
59602 59623 134
59629 59644 270
59643 59676 78
59666 59686 76
59688 59724 229
59701 59702 290
59710 59758 290
59740 59752 48
59743 59766 256
59762 59802 4
59775 59783 36
59789 59835 290
59796 59826 156
59826 59860 193
59851 59861 34
59878 59925 221
59906 59935 34
59918 59951 217
59945 59987 132
59952 59995 136
59975 60009 252
59997 60020 259
60002 60023 132
60011 60045 125
60020 60023 202
60023 60070 17
60040 60049 229
60041 60083 247
60048 60049 139
60078 60110 290
60080 60104 80
60094 60136 74
60107 60137 201
60115 60148 232
60143 60157 130
60162 60174 104
60186 60233 173
60204 60237 79
60221 60263 82
60230 60242 19
60250 60266 256
60277 60289 214
60280 60293 150
60283 60284 59
60301 60333 24
60306 60345 240
60331 60368 190
60348 60396 215
60370 60392 230
60393 60443 238
60401 60405 165
60427 60459 24
60434 60476 133
60447 60452 65
60460 60490 215
60480 60527 299
60506 60531 59
60520 60563 90
60528 60564 114
60553 60562 292
60573 60590 202
60599 60603 102
60611 60620 155
60632 60638 69
60646 60662 146
60662 60696 86
60685 60721 75
60712 60738 216
60722 60754 42
60748 60750 269
60749 60762 264
60758 60759 162
60781 60805 58
60796 60799 31
60826 60838 160
60839 60863 245
60856 60895 237
60860 60885 128
60878 60880 172
60891 60903 107
60892 60928 77
60894 60916 274
60896 60899 170
60912 60942 139
60934 60982 218
60956 60976 124
60973 60987 62
60992 61040 82
61020 61057 166
61034 61070 134
61038 61060 170
61066 61094 142
61083 61089 120
61095 61133 150
61095 61122 90
61111 61125 137
61125 61135 249
61139 61175 279
61142 61185 131
61163 61210 213
61170 61212 186
61191 61237 255
61198 61244 155
61214 61226 141
61223 61257 171
61227 61273 147
61238 61267 45
61242 61273 252
61264 61283 97
61286 61326 217
61303 61316 100
61306 61344 293
61319 61326 213
61324 61363 25
61331 61370 9
61345 61380 200
61364 61386 51
61393 61399 132
61412 61417 4
61418 61451 76
61441 61458 25
61465 61481 15
61487 61494 88
61509 61557 71
61535 61574 152
61557 61571 52
61572 61615 94
61600 61631 130
61621 61658 212
61647 61689 58
61655 61671 283
61661 61683 146
61691 61722 36
61720 61755 142
61739 61758 78
61768 61806 230
61772 61818 101
61784 61808 66
61810 61818 286
61829 61849 179
61844 61860 281
61865 61893 240
61893 61915 167
61914 61957 298
61935 61972 250
61950 61954 196
61963 61991 26
61972 61975 141
61991 62027 228
62002 62043 274
62013 62049 73
62033 62040 184
62059 62080 221
62061 62096 145
62064 62067 269
62093 62139 180
62109 62114 292
62131 62147 296
62161 62185 255
62176 62196 162
62193 62209 145
62215 62258 224
62231 62253 260
62239 62246 165
62251 62274 285
62278 62323 280
62284 62311 147
62307 62318 282
62324 62372 73
62327 62330 22
62342 62389 113
62360 62384 8
62390 62407 211
62419 62442 205
62438 62482 143
62456 62506 261
62457 62506 247
62472 62513 106
62486 62526 225
62515 62560 140
62536 62550 99
62563 62581 32
62571 62617 225
62575 62578 165
62584 62588 206
62600 62612 35
62611 62655 242
62636 62640 290
62653 62668 33
62663 62705 60
62681 62717 269
62701 62750 212
62722 62733 180
62727 62744 49
62730 62763 37
62752 62798 264
62770 62801 161
62788 62800 19
62811 62841 92
62840 62880 242
62842 62853 76
62844 62883 213
62861 62908 52
62865 62900 41
62890 62918 44
62911 62937 157
62918 62964 222
62936 62937 96
62939 62966 31
62959 62999 50
62985 63015 238
63011 63039 270
63015 63048 132
63018 63065 193
63033 63063 238
63051 63099 8
63080 63087 225
63087 63115 245
63091 63123 231
63099 63110 23
63114 63158 208
63123 63144 158
63126 63152 149
63156 63160 26
63156 63201 92
63186 63213 240
63187 63222 158
63187 63201 62
63206 63251 157
63224 63266 230
63238 63243 120
63263 63313 294
63282 63306 136
63285 63288 99
63311 63347 226
63340 63358 153
63353 63375 25
63355 63366 135
63367 63414 300
63373 63386 191
63392 63437 136
63398 63446 246
63421 63447 76
63421 63439 35
63427 63470 288
63428 63429 22
63454 63495 95
63458 63468 198
63480 63522 127
63503 63519 84
63514 63542 298
63534 63562 118
63554 63601 92
63554 63592 224
63577 63613 32
63600 63645 189
63622 63629 296
63636 63670 104
63662 63705 256
63685 63717 235
63713 63734 201
63715 63749 71
63737 63766 201
63737 63749 82
63762 63763 291
63781 63812 263
63795 63797 153
63823 63834 194
63833 63850 14
63860 63903 220
63862 63901 244
63886 63932 59
63904 63914 38
63934 63938 282
63951 63996 102
63966 63979 236
63982 64030 139
64010 64034 164
64022 64055 230
64036 64071 129
64041 64053 276
64062 64100 221
64069 64102 262
64084 64095 152
64097 64105 68
64112 64128 283
64138 64160 71
64144 64162 174
64154 64184 140
64170 64188 85
64188 64193 210
64207 64223 140
64233 64263 185
64244 64268 129
64245 64281 205
64272 64277 2
64297 64309 154
64305 64344 137
64331 64348 83
64350 64366 113
64372 64405 116
64393 64425 15
64421 64440 144
64441 64462 148
64467 64484 42
64470 64515 279
64474 64507 169
64488 64528 96
64516 64520 105
64520 64566 159
64537 64549 56
64547 64584 81
64566 64595 13
64570 64620 71
64591 64638 287
64599 64645 65
64614 64615 216
64619 64658 113
64638 64643 11
64657 64695 55
64665 64698 292
64675 64708 80
64691 64725 94
64714 64740 237
64716 64731 268
64724 64768 43
64738 64750 45
64750 64751 155
64778 64821 133
64805 64823 263
64814 64842 75
64832 64839 211
64857 64888 174
64883 64916 39
64899 64941 174
64921 64931 300
64935 64980 201
64952 64959 49
64962 64983 165
64975 65023 38
64989 65006 227
65010 65034 296
65020 65053 136
65026 65058 87
65026 65072 246
65039 65053 212
65052 65062 18
65066 65081 169
65072 65089 69
65083 65098 284
65085 65106 48
65108 65144 192
65130 65142 132
65151 65178 52
65156 65193 147
65174 65176 155
65181 65199 119
65194 65200 126
65206 65212 122
65222 65243 50
65231 65232 150
65252 65290 238
65280 65289 285
65302 65342 84
65322 65369 229
65350 65397 98
65362 65366 279
65376 65389 215
65391 65400 161
65395 65441 1
65405 65413 217
65422 65446 249
65423 65443 250
65445 65491 106
65467 65500 107
65490 65513 67
65511 65549 181
65515 65520 293
65516 65561 190
65543 65574 62
65563 65599 56
65573 65605 84
65594 65597 111
65624 65636 244
65634 65654 297
65636 65648 248
65655 65673 11
65663 65693 81
65677 65725 51
65702 65706 88
65714 65730 86
65733 65755 14
65758 65762 251
65770 65814 177
65794 65800 102
65804 65846 96
65824 65866 135
65842 65848 119
65870 65910 53
65894 65911 69
65909 65912 135
65933 65959 140
65963 65989 103
65971 65975 264
65984 66022 83
65995 66005 168
66022 66025 104
66037 66082 298
66044 66084 254
66067 66107 164
66094 66117 61
66114 66153 213
66129 66157 211
66130 66136 15
66152 66161 197
66174 66201 232
66193 66209 115
66214 66230 187
66224 66255 27
66254 66302 157
66271 66281 122
66276 66292 261
66298 66314 229
66314 66321 261
66336 66379 160
66358 66403 210
66374 66382 71
66403 66446 285
66429 66470 19
66436 66447 52
66436 66437 37
66455 66503 28
66457 66478 123
66467 66504 81
66477 66501 199
66479 66520 274
66507 66528 297
66509 66516 142
66538 66568 106
66561 66577 113
66570 66583 184
66573 66610 95
66596 66621 57
66623 66652 259
66634 66640 299
66648 66653 64
66672 66685 259
66676 66712 150
66695 66716 113
66723 66724 127
66733 66736 85
66737 66768 175
66738 66762 240
66755 66801 183
66776 66819 117
66796 66840 188
66821 66851 108
66825 66840 177
66828 66851 295
66843 66890 157
66873 66881 281
66895 66944 127
66906 66911 84
66924 66960 217
66954 66990 291
66965 66987 148
66976 67025 149
67006 67052 228
67017 67061 27
67021 67024 173
67040 67062 66
67054 67090 90
67064 67103 285
67083 67088 263
67105 67121 253
67114 67146 186
67123 67144 68
67126 67158 274
67137 67180 281
67138 67171 201
67158 67199 191
67172 67188 249
67197 67221 215
67199 67240 250
67220 67257 138
67222 67230 73
67226 67232 270
67237 67270 241
67256 67286 2
67277 67304 16
67300 67327 117
67318 67325 270
67336 67368 157
67355 67380 234
67363 67366 171
67372 67403 282
67397 67410 44
67403 67450 231
67414 67437 137
67435 67462 127
67443 67456 57
67472 67504 299
67481 67518 200
67485 67494 152
67496 67536 137
67505 67532 243
67523 67568 195
67542 67582 7
67549 67581 168
67576 67607 108
67578 67625 204
67599 67648 52
67628 67640 108
67641 67646 143
67641 67646 273
67641 67683 170
67666 67671 110
67683 67719 222
67690 67732 66
67712 67756 133
67738 67758 118
67743 67746 240
67759 67799 290
67771 67785 18
67795 67807 94
67798 67801 39
67814 67815 255
67838 67860 205
67846 67874 49
67863 67872 205
67878 67927 126
67879 67913 242
67906 67952 193
67927 67976 298
67934 67963 279
67938 67949 294
67964 67974 87
67982 68021 110
67992 68011 233
68012 68055 152
68016 68046 97
68037 68046 79
68039 68057 114
68045 68080 195
68064 68106 61
68078 68086 52
68106 68134 186
68135 68139 3
68157 68161 213
68173 68175 237
68178 68195 95
68185 68191 149
68199 68203 227
68215 68259 292
68245 68265 68
68245 68282 247
68263 68306 159
68283 68296 154
68295 68330 71
68317 68358 127
68331 68378 36
68334 68383 176
68354 68386 287
68384 68430 278
68409 68417 249
68410 68455 140
68422 68436 217
68432 68468 206
68449 68462 273
68469 68517 286
68484 68501 29
68493 68519 210
68515 68536 181
68537 68550 67
68546 68560 133
68571 68577 296
68588 68637 134
68592 68602 3
68622 68668 287
68629 68668 219
68643 68674 276
68666 68700 177
68682 68725 92
68707 68713 223
68727 68740 165
68728 68737 176
68746 68753 74
68752 68760 267
68761 68811 182
68779 68795 90
68809 68827 249
68839 68882 80
68840 68876 300
68862 68887 31
68865 68884 84
68892 68923 202
68916 68964 135
68920 68959 130
68939 68945 238
68966 68999 199
68992 69007 253
68994 68997 16
69009 69047 202
69010 69043 49
69019 69032 106
69019 69067 153
69048 69095 281
69059 69105 91
69073 69112 106
69081 69106 186
69087 69129 124
69111 69143 41
69132 69177 121
69150 69168 244
69164 69166 53
69172 69201 56
69188 69227 289
69191 69192 248
69212 69248 36
69241 69252 29
69253 69298 75
69262 69299 288
69279 69285 125
69297 69338 2
69307 69346 211
69329 69371 160
69330 69361 53
69341 69365 61
69364 69388 102
69393 69420 21
69407 69411 158
69431 69463 112
69460 69480 211
69481 69518 27
69507 69511 30
69510 69549 54
69522 69553 50
69551 69595 15
69561 69596 145
69572 69601 54
69576 69617 148
69580 69622 216
69605 69636 126
69631 69658 106
69652 69658 7
69658 69686 223
69685 69725 71
69710 69756 75
69735 69768 236
69747 69785 215
69765 69799 121
69775 69785 62
69800 69829 288
69808 69853 115
69813 69841 241
69824 69849 60
69832 69835 277
69847 69861 264
69864 69894 103
69880 69923 63
69896 69916 175
69912 69955 275
69932 69945 256
69960 69988 132
69986 70000 186
70008 70014 96
70008 70013 291
70025 70071 179
70034 70036 210
70046 70080 92
70076 70091 259
70102 70119 135
70114 70135 244
70130 70159 188
70144 70190 236
70153 70172 9
70157 70203 119
70172 70182 277
70182 70196 300
70191 70203 277
70194 70228 122
70224 70237 29
70234 70257 192
70262 70290 61
70278 70295 284
70278 70317 278
70278 70311 233
70286 70327 297
70286 70314 156
70292 70301 249
70300 70320 225
70310 70331 215
70310 70341 21
70340 70342 86
70370 70392 148
70393 70429 138
70402 70435 98
70415 70430 240
70425 70459 195
70444 70483 92
70465 70507 60
70480 70495 264
70487 70488 297
70488 70489 245
70497 70512 245
70498 70537 40
70510 70557 99
70528 70541 13
70536 70555 54
70554 70573 274
70560 70586 195
70576 70607 55
70577 70585 111
70584 70623 13
70595 70621 116
70598 70624 187
70626 70641 138
70637 70663 157
70652 70700 264
70656 70668 153
70657 70667 134
70662 70687 146
70665 70707 214
70670 70682 70
70692 70708 67
70722 70726 155
70750 70783 18
70755 70760 33
70765 70796 218
70781 70806 245
70782 70806 234
70791 70841 51
70803 70814 136
70807 70838 38
70816 70848 258
70846 70858 224
70850 70893 143
70861 70902 151
70877 70916 66
70905 70913 149
70924 70925 189
70947 70995 22
70951 70954 93
70962 70970 13
70976 70979 275
70995 71042 111
71001 71051 255
71003 71049 169
71012 71017 41
71042 71064 213
71072 71092 300
71083 71100 83
71103 71150 161
71132 71158 273
71149 71167 275
71177 71185 47
71188 71215 126
71202 71230 6
71210 71235 300
71220 71242 13
71243 71271 110
71265 71279 263
71290 71313 137
71300 71336 26
71330 71338 53
71360 71396 129
71363 71374 63
71386 71425 107
71416 71453 39
71443 71459 253
71445 71466 195
71470 71483 231
71472 71514 265
71474 71501 93
71491 71518 211
71497 71524 75
71520 71561 248
71547 71580 188
71560 71601 144
71582 71612 43
71597 71619 108
71606 71653 180
71612 71619 196
71631 71642 132
71657 71704 264
71663 71679 170
71691 71698 66
71704 71736 250
71712 71723 80
71734 71751 122
71736 71742 237
71740 71784 127
71755 71765 256
71759 71789 187
71785 71815 64
71797 71844 113
71798 71803 270
71812 71826 155
71813 71823 140
71830 71878 142
71833 71879 114
71839 71873 75
71844 71886 2
71850 71852 73
71851 71865 227
71853 71875 9
71854 71879 115
71866 71873 147
71866 71870 174
71876 71893 253
71896 71905 295
71899 71923 36
71901 71926 237
71905 71908 128
71935 71976 186
71961 72000 25
71983 72033 111
72003 72034 13
72019 72047 167
72032 72035 79
72057 72080 292
72069 72079 276
72072 72122 288
72085 72098 75
72112 72142 196
72126 72138 54
72139 72189 130
72142 72182 66
72144 72145 58
72170 72220 214
72177 72199 191
72189 72215 203
72208 72228 168
72224 72229 73
72249 72256 110
72254 72297 274
72272 72318 266
72273 72289 250
72285 72323 205
72314 72361 107
72318 72367 275
72328 72370 235
72345 72348 216
72375 72421 240
72380 72411 148
72394 72397 221
72420 72430 59
72430 72441 230
72455 72460 232
72468 72469 87
72480 72504 50
72501 72508 52
72512 72522 232
72525 72547 290
72527 72572 196
72531 72556 36
72550 72598 116
72573 72587 170
72598 72646 82
72599 72623 86
72601 72608 96
72622 72626 124
72639 72659 77
72661 72669 212
72686 72712 199
72686 72720 15
72708 72716 64
72729 72757 203
72756 72772 75
72769 72796 72
72791 72827 296
72814 72847 124
72838 72883 64
72845 72873 116
72845 72858 113
72862 72888 201
72881 72925 213
72888 72918 63
72915 72952 69
72926 72967 111
72954 72957 152
72982 73003 6
72983 73017 22
73005 73028 107
73021 73048 251
73028 73076 80
73057 73060 197
73063 73088 9
73085 73120 110
73098 73110 178
73122 73156 230
73133 73156 104
73136 73153 49
73155 73179 229
73173 73216 142
73175 73206 146
73192 73235 110
73193 73205 121
73211 73216 55
73223 73256 91
73242 73277 248
73248 73294 161
73250 73261 207
73265 73272 206
73289 73293 170
73310 73332 222
73321 73336 254
73350 73393 246
73361 73407 91
73373 73393 193
73392 73408 233
73397 73439 172
73407 73416 16
73416 73433 127
73434 73446 111
73446 73476 25
73451 73497 215
73470 73482 136
73471 73481 152
73499 73539 92
73520 73539 274
73521 73536 201
73529 73573 85
73552 73554 111
73578 73623 169
73601 73625 241
73604 73616 7
73622 73663 6
73627 73633 19
73657 73667 172
73682 73689 234
73710 73743 83
73740 73747 181
73770 73820 75
73800 73839 160
73801 73837 50
73809 73850 22
73837 73850 133
73864 73889 171
73891 73905 118
73904 73925 294
73932 73946 102
73938 73969 183
73946 73974 114
73956 74004 53
73983 74018 155
73995 74044 217
73995 74016 51
74011 74013 91
74028 74068 176
74049 74075 81
74062 74096 176
74077 74108 257
74094 74097 192
74103 74108 13
74132 74163 70
74149 74184 244
74167 74169 243
74185 74215 38
74189 74199 56
74217 74239 118
74227 74237 221
74243 74256 18
74259 74263 45
74281 74304 56
74288 74319 244
74308 74347 94
74337 74386 300
74354 74392 207
74355 74382 273
74366 74408 129
74380 74419 55
74381 74394 90
74381 74388 253
74407 74441 260
74416 74434 203
74425 74436 14
74430 74434 130
74440 74470 172
74463 74485 134
74481 74491 42
74493 74538 64
74510 74524 262
74540 74573 104
74560 74587 229
74565 74575 291
74590 74609 118
74606 74634 59
74613 74628 11
74630 74676 262
74633 74660 149
74642 74688 276
74648 74689 105
74672 74696 66
74685 74688 242
74689 74705 82
74717 74745 272
74739 74760 266
74769 74805 147
74799 74803 54
74807 74857 91
74835 74882 13
74856 74863 127
74877 74906 73
74899 74940 281
74909 74910 262
74923 74965 120
74934 74946 15
74943 74953 122
74969 75010 68
74970 74973 237
74992 75007 166
75018 75051 17
75027 75028 79
75039 75082 39
75067 75072 13
75086 75115 22
75102 75109 82
75116 75147 159
75130 75160 121
75157 75192 162
75157 75182 91
75185 75219 189
75190 75212 151
75215 75226 90
75225 75261 184
75231 75279 44
75238 75241 29
75255 75299 133
75261 75311 288
75261 75283 83
75288 75311 225
75311 75341 239
75322 75340 149
75346 75354 181
75368 75378 260
75381 75426 103
75408 75455 122
75415 75419 254
75415 75431 226
