5000
26 58 253
45 86 8
51 58 268
72 117 69
72 85 199
92 142 168
119 161 213
124 146 284
154 195 1
171 195 265
172 211 294
180 221 204
184 199 238
195 226 75
200 236 160
225 233 176
252 278 285
263 295 168
271 284 83
294 298 280
295 331 235
300 301 261
313 350 291
335 383 46
336 368 39
357 391 189
364 376 258
394 440 104
397 436 261
402 411 83
424 465 294
425 448 258
428 451 45
445 446 78
459 501 176
467 497 208
468 504 230
496 514 202
514 547 160
531 566 263
545 547 185
554 564 295
578 608 238
592 619 154
601 603 265
617 638 92
625 646 289
631 649 20
656 683 87
685 725 298
715 746 84
740 756 41
745 795 107
765 772 169
772 812 225
798 837 250
798 840 6
816 847 55
844 863 30
872 917 274
897 909 54
912 943 167
923 940 195
940 942 166
963 1005 19
974 987 243
1004 1036 291
1032 1060 125
1043 1090 216
1064 1066 32
1092 1100 212
1122 1133 63
1138 1142 270
1149 1171 259
1158 1182 153
1165 1200 147
1181 1182 224
1200 1236 54
1225 1244 288
1236 1279 124
1251 1267 104
1275 1288 279
1305 1310 277
1311 1332 213
1333 1356 83
1363 1401 294
1373 1380 94
1398 1409 136
1424 1425 28
1449 1468 225
1478 1517 163
1481 1519 30
1491 1517 97
1512 1526 64
1524 1561 255
1537 1553 118
1543 1566 127
1567 1597 52
1580 1623 185
1582 1600 207
1611 1617 23
1627 1630 298
1649 1677 167
1654 1672 28
1670 1703 159
1687 1729 193
1715 1748 273
1716 1754 31
1740 1786 296
1758 1800 291
1780 1792 84
1788 1818 45
1800 1825 166
1803 1811 104
1819 1868 208
1836 1868 216
1863 1891 78
1872 1899 124
1888 1910 34
1892 1937 88
1922 1972 278
1926 1972 286
1948 1981 52
1955 1960 294
1973 1996 162
1977 2013 44
1997 2020 245
2007 2020 122
2014 2030 202
2034 2061 74
2058 2103 137
2062 2076 167
2062 2090 56
2073 2079 124
2080 2087 121
2087 2095 54
2092 2108 197
2097 2138 81
2117 2160 224
2124 2125 81
2135 2151 71
2135 2166 78
2160 2178 292
2167 2189 279
2177 2193 51
2178 2206 76
2193 2210 250
2206 2225 258
2212 2233 123
2236 2278 275
2246 2293 19
2255 2294 196
2280 2327 200
2301 2324 5
2323 2342 29
2326 2345 286
2342 2344 9
2351 2391 144
2367 2386 189
2378 2385 294
2386 2405 83
2407 2453 64
2423 2450 233
2430 2441 149
2455 2493 150
2484 2507 10
2503 2549 62
2527 2546 133
2542 2575 4
2555 2597 46
2573 2588 250
2597 2630 179
2602 2631 288
2630 2669 191
2660 2675 126
2675 2717 244
2695 2738 242
2717 2767 57
2736 2783 85
2748 2798 230
2749 2772 53
2754 2782 234
2763 2797 114
2778 2800 241
2784 2814 20
2812 2832 255
2813 2852 204
2816 2819 39
2841 2843 50
2845 2861 263
2849 2852 12
2873 2919 55
2878 2926 217
2906 2936 78
2914 2922 203
2942 2968 297
2963 3003 37
2984 3029 5
2995 3013 174
3010 3043 104
3014 3032 111
3042 3060 216
3061 3100 80
3065 3095 256
3089 3138 181
3094 3136 70
3120 3141 110
3140 3164 169
3156 3180 158
3184 3227 112
3196 3233 51
3201 3218 46
3217 3258 58
3234 3241 242
3262 3298 57
3289 3325 167
3304 3322 43
3333 3357 166
3350 3370 165
3371 3373 156
3389 3398 196
3393 3431 140
3406 3456 98
3418 3422 272
3428 3441 20
3448 3466 169
3452 3489 9
3482 3486 40
3512 3541 202
3513 3539 58
3513 3543 134
3519 3530 54
3523 3541 240
3542 3563 146
3548 3574 116
3575 3592 261
3593 3607 290
3598 3626 137
3612 3642 84
3618 3635 80
3631 3664 116
3644 3655 131
3661 3697 103
3680 3689 86
3695 3742 193
3709 3754 28
3734 3746 72
3746 3789 130
3770 3782 95
3780 3802 229
3796 3841 73
3797 3846 298
3810 3811 295
3821 3868 32
3840 3881 146
3851 3883 4
3876 3879 43
3881 3884 219
3894 3901 206
3895 3918 159
3912 3916 142
3941 3970 160
3971 4006 209
3986 4009 241
3999 4030 247
4010 4012 185
4039 4058 54
4047 4049 90
4047 4083 293
4059 4093 193
4086 4109 117
4095 4106 90
4122 4145 53
4126 4164 127
4150 4198 86
4176 4223 61
4181 4212 205
4209 4232 51
4222 4260 132
4233 4259 65
4249 4257 250
4263 4268 151
4290 4324 272
4318 4349 27
4347 4379 63
4352 4378 187
4370 4406 27
4400 4404 247
4420 4436 77
4432 4459 150
4452 4453 200
4473 4518 296
4492 4499 216
4501 4523 163
4529 4564 223
4545 4585 28
4558 4563 171
4579 4585 273
4584 4598 84
4592 4613 81
4622 4635 73
4623 4628 71
4645 4648 210
4654 4660 225
4661 4696 185
4662 4676 174
4674 4680 269
4702 4714 78
4713 4744 156
4737 4778 153
4745 4763 106
4758 4807 5
4763 4813 270
4768 4783 56
4789 4827 215
4800 4821 53
4830 4872 94
4853 4862 196
4863 4869 33
4885 4907 196
4904 4909 154
4912 4932 96
4939 4958 219
4960 4996 218
4980 5005 67
4984 5018 263
4988 5019 275
4991 5002 2
5017 5065 59
5036 5043 269
5039 5070 98
5064 5101 80
5088 5128 169
5103 5121 134
5118 5130 266
5135 5185 145
5142 5169 205
5150 5174 198
5163 5195 29
5190 5202 83
5210 5245 254
5229 5238 188
5231 5276 125
5236 5241 245
5246 5262 43
5256 5274 8
5263 5292 203
5284 5334 141
5314 5329 259
5326 5375 291
5345 5353 275
5366 5378 115
5375 5389 163
5389 5402 69
5395 5417 96
5400 5444 223
5427 5431 157
5445 5467 208
5459 5468 146
5467 5478 155
5476 5497 164
5495 5527 174
5501 5550 184
5506 5524 159
5517 5567 285
5544 5559 94
5559 5583 25
5581 5586 179
5591 5608 300
5613 5641 179
5631 5649 10
5637 5678 285
5637 5684 280
5655 5699 181
5675 5707 243
5687 5697 28
5711 5729 103
5712 5756 189
5735 5772 148
5736 5739 179
5760 5791 35
5764 5765 192
5782 5813 14
5786 5811 164
5808 5854 157
5808 5854 94
5833 5874 184
5843 5874 143
5865 5899 29
5887 5922 128
5895 5930 64
5907 5947 272
5935 5938 75
5953 5981 194
5979 5995 198
5987 6023 128
5998 6010 232
6015 6057 293
6041 6076 21
6045 6089 15
6060 6097 97
6064 6068 45
6066 6068 295
6081 6110 178
6107 6152 148
6113 6128 182
6125 6138 212
6146 6192 179
6171 6183 80
6194 6208 9
6207 6235 129
6227 6235 32
6248 6295 14
6276 6310 55
6302 6339 50
6306 6313 229
6336 6345 148
6336 6369 143
6343 6367 296
6345 6390 83
6354 6359 24
6365 6411 215
6374 6398 213
6378 6389 222
6379 6411 73
6382 6409 84
6412 6452 198
6425 6454 147
6432 6464 168
6456 6479 51
6466 6506 164
6485 6496 180
6515 6554 245
6525 6573 181
6533 6561 91
6544 6566 104
6564 6568 113
6589 6607 137
6613 6626 197
6631 6641 121
6635 6671 138
6649 6668 149
6667 6670 69
6693 6699 90
6720 6727 55
6743 6748 232
6746 6778 161
6749 6793 208
6757 6798 271
6768 6798 206
6791 6796 49
6793 6825 299
6797 6840 38
6797 6801 1
6824 6827 52
6837 6873 116
6837 6851 226
6839 6878 82
6839 6883 159
6853 6891 44
6868 6897 219
6877 6917 196
6904 6937 252
6909 6913 242
6937 6943 20
6951 6973 143
6968 6976 36
6985 7010 98
6996 7016 174
6997 7007 117
7002 7038 85
7018 7026 106
7045 7064 239
7054 7061 192
7070 7088 145
7096 7112 227
7109 7124 286
7120 7160 98
7124 7172 166
7140 7158 107
7146 7172 139
7158 7198 28
7171 7220 150
7177 7180 70
7201 7218 147
7206 7233 7
7210 7237 102
7228 7252 6
7256 7283 261
7275 7294 90
7284 7310 26
7298 7304 168
7308 7349 233
7327 7374 79
7327 7328 134
7344 7355 169
7358 7384 297
7366 7396 200
7374 7403 27
7390 7439 170
7392 7427 199
7419 7462 257
7442 7478 231
7470 7506 130
7486 7527 159
7494 7533 149
7524 7542 261
7533 7571 209
7548 7549 117
7560 7579 244
7570 7605 142
7593 7623 55
7605 7643 129
7632 7652 187
7632 7676 137
7655 7671 130
7656 7695 32
7675 7710 93
7684 7698 138
7698 7732 113
7721 7750 228
7743 7760 90
7751 7759 3
7756 7787 25
7764 7773 99
7771 7810 211
7788 7828 124
7794 7803 175
7819 7842 288
7838 7869 79
7861 7872 235
7887 7929 263
7895 7934 62
7910 7940 14
7923 7942 200
7950 7958 300
7961 7965 41
7979 8002 129
8002 8025 75
8013 8055 51
8018 8044 35
8042 8078 141
8057 8078 185
8070 8078 148
8081 8082 269
8108 8138 110
8126 8169 201
8130 8175 46
8160 8190 198
8165 8173 188
8165 8215 265
8189 8206 24
8201 8218 186
8230 8271 294
8249 8295 40
8272 8274 150
8299 8301 23
8308 8324 55
8312 8314 291
8339 8362 72
8350 8361 19
8360 8392 1
8373 8405 217
8385 8427 49
8404 8410 66
8434 8471 137
8434 8453 196
8445 8485 203
8470 8486 11
8474 8498 253
8493 8494 279
8521 8553 51
8540 8587 199
8562 8602 24
8570 8586 182
8580 8619 68
8597 8621 106
8598 8608 280
8604 8624 275
8629 8653 214
8636 8637 208
8647 8656 113
8650 8675 227
8666 8711 272
8689 8694 183
8712 8733 251
8722 8740 179
8732 8775 248
8759 8787 217
8766 8767 153
8767 8807 124
8789 8811 202
8813 8846 60
8819 8840 4
8824 8851 166
8847 8849 155
8867 8869 143
8880 8899 193
8907 8947 78
8915 8934 188
8925 8962 148
8945 8979 231
8963 8992 112
8976 8979 30
8989 9012 260
9010 9057 61
9039 9063 296
9066 9094 148
9093 9128 67
9114 9115 71
9117 9130 112
9120 9168 123
9132 9143 226
9143 9158 28
9154 9188 214
9154 9182 79
9181 9218 229
9209 9215 290
9233 9257 232
9259 9305 101
9267 9284 161
9268 9317 292
9268 9271 103
9282 9309 82
9290 9321 283
9316 9342 79
9333 9369 108
9362 9367 218
9367 9405 291
9396 9424 265
9407 9432 283
9413 9442 8
9425 9453 183
9442 9484 139
9456 9500 102
9480 9528 92
9481 9515 248
9482 9490 120
9492 9504 232
9519 9548 53
9523 9530 266
9538 9576 143
9545 9551 146
9561 9579 52
9570 9585 24
9572 9602 244
9601 9612 201
9606 9623 38
9635 9651 79
9659 9692 283
9689 9717 153
9708 9724 166
9728 9758 12
9758 9803 287
9759 9788 152
9760 9800 238
9770 9792 1
9775 9795 206
9791 9836 259
9808 9823 118
9824 9846 143
9835 9837 265
9839 9851 168
9858 9871 2
9868 9913 210
9883 9891 66
9907 9929 249
9919 9958 191
9923 9939 282
9934 9948 83
9936 9968 9
9964 9991 219
9982 10007 255
10011 10028 35
10016 10049 247
10040 10054 215
10053 10082 289
10057 10095 282
10065 10094 256
10074 10078 296
10079 10120 54
10092 10094 1
10118 10152 122
10147 10166 127
10168 10183 14
10180 10182 143
10194 10225 118
10202 10235 52
10206 10215 22
10212 10247 211
10227 10232 176
10249 10258 70
10271 10304 177
10286 10295 146
10293 10336 286
10305 10345 209
10315 10339 275
10342 10356 160
10354 10381 35
10382 10399 285
10392 10431 220
10407 10455 143
10428 10474 228
10458 10486 98
10476 10502 197
10478 10515 57
10506 10529 60
10509 10534 280
10513 10548 210
10529 10562 152
10529 10561 152
10538 10543 144
10547 10593 258
10573 10604 71
10602 10620 182
10609 10631 70
10609 10611 24
10613 10656 83
10628 10673 197
10641 10667 18
10667 10711 74
10670 10711 95
10690 10723 111
10707 10731 83
10732 10747 45
10754 10783 126
10763 10793 196
10776 10787 32
10803 10843 155
10827 10864 71
10838 10846 266
10847 10892 17
10851 10871 162
10862 10864 121
10867 10891 68
10885 10888 300
10905 10917 122
10906 10915 282
10919 10943 239
10948 10987 69
10972 10988 266
10980 11021 116
10989 11032 270
11011 11036 90
11018 11049 287
11019 11044 150
11023 11071 148
11042 11064 255
11055 11100 56
11055 11098 12
11069 11091 160
11087 11098 90
11107 11138 223
11110 11138 188
11132 11136 61
11144 11151 120
11149 11158 16
11168 11217 91
11176 11205 231
11176 11188 57
11181 11204 98
11195 11228 247
11195 11231 133
11199 11235 291
11210 11255 102
11210 11237 228
11220 11265 288
11233 11236 174
11256 11282 55
11256 11286 269
11280 11292 237
11290 11292 209
11302 11348 92
11308 11327 225
11336 11372 106
11361 11373 225
11361 11367 138
11374 11384 47
11376 11382 198
11378 11387 179
11396 11410 132
11424 11464 202
11431 11459 154
11440 11484 156
11451 11481 22
11454 11487 209
11457 11501 127
11485 11511 220
11491 11516 244
11520 11542 239
11533 11581 205
11538 11575 165
11566 11569 97
11581 11611 150
11604 11651 112
11608 11652 41
11614 11634 232
11631 11640 289
11655 11670 293
11685 11734 269
11685 11730 231
11698 11737 204
11706 11737 257
11727 11729 141
11729 11758 24
11751 11799 168
11777 11818 81
11791 11830 277
11794 11844 256
11805 11836 276
11834 11866 211
11853 11878 169
11854 11855 180
11860 11899 130
11872 11899 227
11892 11926 14
11894 11933 131
11910 11940 245
11933 11959 253
11942 11970 192
11971 12009 239
11994 12010 208
12023 12066 282
12027 12036 280
12045 12067 285
12051 12088 110
12074 12124 90
12096 12103 109
12099 12107 212
12121 12135 231
12140 12146 148
12162 12193 13
12175 12225 247
12197 12220 124
12208 12219 281
12219 12248 220
12248 12257 35
12259 12305 169
12274 12292 28
12292 12328 262
12310 12359 150
12335 12356 133
12365 12385 156
12374 12380 10
12374 12411 87
12395 12429 284
12421 12464 296
12423 12435 23
12427 12471 38
12445 12466 6
12462 12485 144
12489 12519 242
12493 12531 295
12512 12561 74
12529 12567 90
12537 12541 137
12555 12599 169
12572 12580 104
12588 12622 101
12591 12637 105
12615 12628 41
12628 12669 265
12630 12662 30
12654 12661 233
12663 12702 230
12691 12729 16
12721 12726 108
12733 12749 275
12761 12777 59
12783 12813 183
12807 12857 10
12837 12884 26
12851 12885 272
12856 12871 127
12876 12905 246
12901 12939 130
12929 12955 196
12931 12976 102
12939 12976 290
12966 12997 195
12995 13030 236
13023 13050 44
13038 13085 40
13054 13089 154
13062 13067 148
13064 13091 266
13071 13113 155
13100 13140 242
13130 13152 56
13130 13132 13
13141 13166 268
13169 13178 168
13179 13224 35
13191 13222 192
13192 13201 148
13210 13246 250
13214 13249 10
13215 13232 153
13236 13282 294
13237 13248 246
13251 13261 17
13281 13311 89
13287 13313 229
13289 13303 103
13294 13338 159
13299 13304 73
13308 13336 178
13324 13357 25
13349 13365 169
13369 13378 158
13372 13397 166
13379 13420 51
13380 13411 185
13389 13413 277
13414 13444 245
13427 13464 274
13444 13467 183
13467 13478 271
13480 13486 89
13500 13521 130
13506 13522 99
13516 13561 87
13533 13565 192
13536 13567 25
13556 13574 31
13565 13571 236
13577 13578 290
13590 13606 70
13595 13611 295
13618 13621 99
13621 13646 59
13642 13652 7
13646 13679 143
13660 13700 118
13672 13698 143
13683 13708 64
13684 13695 99
13703 13705 125
13715 13734 19
13727 13768 279
13740 13751 63
13745 13777 43
13769 13791 30
13792 13808 134
13792 13798 156
13800 13815 60
13812 13847 182
13839 13840 135
13865 13906 105
13865 13913 245
13893 13921 193
13909 13948 148
13923 13971 217
13938 13959 27
13953 13958 262
13961 13967 39
13979 13995 133
13988 14019 294
13992 14018 258
14001 14031 36
14021 14022 187
14023 14049 291
14053 14068 248
14070 14092 204
14099 14121 132
14117 14152 64
14132 14178 116
14134 14160 60
14152 14153 239
14163 14187 85
14185 14207 113
14194 14243 256
14211 14225 151
14238 14253 190
14244 14269 17
14273 14310 172
14282 14314 200
14311 14323 83
14340 14366 89
14342 14348 230
14347 14365 70
14363 14367 110
14390 14416 229
14410 14451 162
14434 14448 151
14439 14458 8
14450 14487 64
14461 14508 52
14487 14511 168
14511 14533 188
14532 14582 120
14550 14559 190
14558 14562 202
14561 14577 153
14575 14595 195
14579 14591 9
14590 14595 87
14604 14639 19
14604 14643 86
14620 14657 46
14648 14661 133
14666 14668 184
14673 14674 98
14695 14708 180
14713 14725 185
14716 14747 18
14723 14763 151
14723 14739 3
14735 14758 160
14747 14773 243
14760 14785 258
14770 14818 234
14780 14812 269
14810 14858 210
14829 14876 190
14836 14868 177
14841 14875 186
14855 14894 269
14882 14930 31
14902 14921 69
14904 14933 287
14916 14936 83
14928 14973 235
14941 14989 98
14971 14992 206
14986 15030 100
15011 15057 223
15015 15047 140
15029 15075 296
15052 15086 122
15061 15099 257
15070 15104 48
15070 15072 235
15077 15083 144
15078 15087 166
15078 15113 293
15093 15123 198
15110 15157 33
15117 15140 161
15126 15130 36
15143 15167 164
15165 15187 266
15189 15203 73
15212 15234 4
15215 15222 73
15226 15276 224
15238 15244 253
15245 15281 219
15273 15307 161
15296 15308 32
15315 15325 41
15321 15327 174
15329 15352 119
15345 15353 284
15366 15374 239
15368 15407 98
15382 15387 5
15411 15457 55
15415 15418 119
15437 15471 172
15437 15486 104
15463 15464 197
15478 15513 284
15496 15534 276
15523 15545 165
15538 15558 81
15540 15562 60
15551 15553 36
15560 15567 164
15573 15623 56
15590 15615 261
15604 15613 11
15609 15620 121
15613 15646 255
15624 15662 117
15624 15627 190
15641 15650 170
15649 15685 277
15670 15709 45
15695 15713 261
15723 15736 215
15732 15754 57
15762 15774 58
15766 15767 270
15788 15832 48
15790 15792 270
15803 15831 197
15832 15859 234
15862 15879 145
15863 15875 144
15879 15898 31
15881 15890 263
15883 15925 295
15904 15908 151
15913 15938 60
15933 15967 18
15937 15954 38
15938 15969 60
15968 16001 87
15984 16033 275
15991 16040 202
16000 16005 276
16000 16028 7
16006 16043 270
16012 16035 262
16037 16045 168
16043 16085 232
16071 16080 63
16072 16074 97
16078 16111 207
16086 16136 37
16093 16143 50
16105 16143 267
16131 16136 254
16138 16143 127
16165 16199 77
16182 16186 99
16210 16244 261
16232 16274 201
16234 16239 282
16254 16298 61
16266 16295 233
16284 16285 98
16314 16322 290
16344 16378 1
16362 16379 196
16374 16392 162
16391 16408 34
16416 16446 78
16437 16449 233
16445 16460 57
16463 16504 158
16466 16476 64
16475 16509 157
16499 16521 91
16499 16530 279
16502 16524 83
16510 16541 186
16537 16542 25
16554 16577 289
16584 16624 109
16590 16592 149
16603 16647 14
16615 16623 138
16634 16652 202
16659 16677 282
16688 16721 155
16708 16718 29
16720 16749 16
16749 16757 33
16755 16758 266
16763 16765 133
16775 16797 118
16801 16821 102
16801 16825 73
16823 16836 243
16851 16853 192
16881 16907 88
16906 16940 174
16924 16960 291
16930 16963 1
16938 16960 173
16960 17010 169
16963 17005 125
16967 17014 88
16988 17037 12
17017 17062 98
17026 17043 214
17027 17062 143
17050 17099 11
17065 17081 82
17082 17119 38
17092 17131 256
17117 17131 1
17132 17172 210
17143 17179 85
17148 17189 278
17166 17178 42
17189 17198 106
17193 17195 21
17221 17228 163
17243 17273 197
17249 17257 188
17276 17285 141
17301 17309 93
17309 17337 55
17324 17351 233
17344 17386 218
17345 17355 209
17366 17399 31
17370 17390 42
17377 17392 204
17394 17438 207
17409 17447 297
17431 17434 162
17460 17463 165
17488 17528 238
17511 17555 82
17535 17577 236
17558 17604 7
17579 17588 272
17582 17599 130
17584 17594 1
17603 17620 133
17615 17622 248
17630 17645 93
17658 17673 246
17688 17689 288
17703 17753 181
17713 17720 26
17723 17763 300
17751 17781 18
17761 17767 49
17762 17804 118
17787 17835 254
17813 17844 267
17840 17875 93
17848 17864 20
17874 17880 88
17886 17914 14
17913 17921 66
17920 17925 263
17928 17975 110
17930 17954 38
17942 17958 300
17970 17977 167
18000 18043 208
18013 18024 44
18018 18028 155
18036 18049 245
18053 18090 300
18069 18110 241
18092 18129 185
18112 18144 91
18141 18169 300
18156 18194 264
18176 18181 150
18184 18233 220
18191 18197 213
18202 18225 234
18218 18240 181
18241 18254 44
18256 18285 272
18286 18296 29
18303 18327 60
18327 18352 200
18337 18377 127
18365 18398 174
18387 18420 144
18415 18460 7
18415 18433 87
18425 18445 56
18438 18474 161
18442 18467 158
18447 18469 60
18457 18475 86
18485 18532 268
18495 18517 44
18510 18520 27
18534 18560 274
18563 18613 284
18593 18622 49
18609 18654 2
18639 18667 207
18668 18688 131
18668 18702 18
18673 18710 92
18692 18731 119
18693 18710 257
18723 18727 42
18745 18795 215
18775 18781 292
18778 18788 212
18808 18830 163
18833 18848 244
18858 18870 105
18875 18916 92
18881 18894 162
18882 18889 77
18885 18918 198
18895 18942 107
18910 18933 259
18910 18932 133
18920 18925 169
18936 18986 233
18948 18950 275
18977 19026 160
18993 19011 63
18993 18999 188
19012 19020 141
19016 19045 130
19043 19084 267
19071 19076 217
19082 19097 33
19085 19116 146
19088 19100 138
19094 19139 269
19120 19131 31
19130 19144 2
19144 19173 168
19164 19203 7
19185 19228 227
19197 19213 75
19226 19240 296
19251 19258 291
19262 19283 287
19263 19293 296
19288 19334 32
19317 19365 226
19347 19366 272
19363 19406 14
19389 19417 82
19406 19456 250
19411 19425 245
19430 19458 250
19431 19450 39
19461 19491 14
19473 19489 196
19485 19528 122
19508 19535 297
19516 19559 229
19522 19558 222
19534 19541 266
19550 19558 121
19550 19570 159
19553 19596 175
19574 19599 80
19591 19592 201
19618 19624 214
19622 19642 168
19635 19647 171
19664 19701 18
19685 19698 282
19703 19710 73
19729 19730 251
19748 19758 66
19768 19807 48
19784 19793 201
19808 19817 60
19834 19871 129
19847 19889 79
19870 19871 133
19879 19881 129
19888 19905 264
19889 19939 117
19918 19935 298
19933 19941 201
19946 19947 89
19955 19983 168
19976 20009 245
19991 20018 289
19994 20028 284
20006 20050 132
20015 20062 262
20040 20079 141
20069 20099 297
20071 20086 82
20085 20101 18
20109 20131 286
20109 20118 153
20110 20153 55
20126 20163 99
20139 20160 41
20163 20199 75
20193 20238 3
20197 20240 213
20220 20261 200
20238 20284 289
20253 20279 189
20275 20314 89
20304 20324 299
20311 20324 108
20314 20347 206
20344 20366 45
20364 20408 17
20386 20416 266
20401 20427 68
20417 20464 202
20427 20450 231
20449 20473 199
20474 20504 92
20502 20533 91
20506 20552 50
20530 20536 205
20541 20542 232
20564 20566 162
20586 20591 64
20601 20630 224
20614 20643 80
20632 20640 176
20637 20641 214
20640 20689 64
20659 20696 154
20663 20681 60
20693 20698 272
20700 20720 300
20728 20739 50
20744 20748 74
20765 20777 95
20768 20818 10
20786 20822 293
20788 20828 276
20792 20824 113
20794 20826 179
20821 20827 126
20830 20864 169
20843 20864 221
20864 20903 197
20869 20899 61
20883 20924 79
20899 20944 127
20902 20926 91
20923 20958 186
20935 20984 15
20944 20994 183
20971 20985 76
20971 20985 94
20999 21022 201
21013 21051 105
21013 21055 179
21022 21057 78
21045 21095 277
21069 21093 254
21092 21107 191
21120 21149 114
21131 21149 101
21132 21160 233
21155 21166 33
21176 21211 199
21205 21249 17
21212 21254 296
21230 21274 138
21248 21283 285
21276 21277 39
21289 21335 3
21315 21329 221
21345 21374 210
21365 21402 106
21388 21432 211
21391 21410 250
21402 21411 31
21407 21422 281
21429 21454 146
21439 21488 31
21469 21503 154
21493 21533 60
21494 21511 99
21522 21523 276
21524 21529 164
21535 21541 173
21541 21581 200
21559 21599 1
21571 21616 38
21600 21610 74
21615 21657 18
21615 21650 196
21630 21660 94
21648 21684 113
21658 21700 82
21663 21710 244
21674 21719 82
21688 21709 219
21711 21750 98
21729 21739 52
21729 21759 123
21733 21734 274
21753 21774 103
21775 21815 64
21785 21814 9
21808 21857 203
21833 21864 92
21852 21860 128
21870 21895 232
21872 21875 234
21875 21899 88
21904 21931 225
21934 21946 122
21960 21988 228
21972 21978 177
21977 21996 272
21985 22007 125
22009 22059 247
22034 22081 185
22064 22065 264
22076 22120 231
22087 22099 102
22096 22100 26
22109 22145 298
22134 22139 116
22153 22164 239
22168 22178 41
22189 22236 276
22206 22238 232
22211 22259 171
22241 22269 243
22269 22273 162
22292 22308 49
22308 22321 178
22327 22343 73
22341 22370 182
22341 22385 51
22368 22413 111
22369 22405 28
22372 22373 253
22379 22403 199
22397 22444 181
22423 22471 23
22453 22460 289
22461 22474 19
22485 22509 282
22502 22535 184
22521 22541 173
22529 22562 279
22543 22555 26
22572 22614 31
22572 22591 23
22587 22589 129
22615 22664 286
22642 22659 45
22658 22706 240
22688 22720 241
22691 22709 68
22708 22715 108
22729 22771 157
22743 22763 74
22772 22814 87
22791 22819 109
22820 22848 279
22821 22843 72
22843 22885 196
22850 22881 245
22866 22897 103
22882 22901 176
22899 22947 178
22916 22956 205
22942 22953 244
22948 22976 157
22971 23006 18
22977 22986 206
23003 23036 155
23008 23009 80
23038 23050 237
23039 23088 126
23051 23064 52
23079 23094 187
23098 23112 275
23121 23169 132
23130 23171 67
23130 23161 273
23157 23167 278
23171 23213 270
23181 23231 267
23192 23214 127
23195 23205 102
23205 23231 263
23233 23245 268
23234 23258 150
23246 23265 100
23261 23304 145
23269 23296 163
23282 23315 275
23296 23332 143
23296 23346 96
23315 23338 132
23334 23365 58
23360 23397 235
23371 23407 291
23395 23404 162
23415 23462 285
23445 23471 289
23456 23467 108
23484 23521 62
23484 23485 149
23495 23530 285
23513 23548 272
23534 23567 275
23543 23575 122
23563 23586 181
23579 23612 101
23604 23610 229
23615 23632 295
23619 23634 35
23643 23663 136
23651 23655 105
23661 23674 101
23683 23689 159
23698 23710 41
23724 23771 156
23737 23748 68
23740 23750 19
23745 23776 118
23766 23772 231
23777 23804 49
23778 23802 272
23799 23821 125
23826 23834 293
23829 23875 226
23834 23857 127
23849 23875 209
23861 23902 178
23891 23920 144
23909 23942 297
23916 23943 271
23933 23971 26
23935 23937 118
23945 23976 128
23952 23985 7
23961 24001 239
23985 23997 5
23993 24039 12
23993 24034 200
24005 24015 284
24033 24081 149
24053 24082 277
24080 24114 138
24110 24140 201
24110 24127 191
24120 24168 88
24139 24158 244
24165 24196 76
24172 24203 184
24185 24210 71
24200 24241 147
24200 24235 242
24216 24244 216
24242 24257 28
24264 24298 154
24274 24319 69
24290 24324 149
24298 24315 45
24304 24321 251
24326 24362 200
24346 24396 110
24369 24405 57
24373 24384 29
24403 24406 29
24414 24449 185
24438 24450 51
24454 24489 76
24457 24470 153
24457 24474 31
24467 24511 111
24493 24527 65
24511 24530 46
24519 24568 174
24543 24556 53
24560 24573 239
24578 24604 78
24590 24602 281
24600 24626 194
24623 24631 241
24648 24696 268
24670 24676 160
24675 24721 193
24681 24693 154
24704 24712 283
24712 24729 195
24726 24764 77
24738 24767 257
24743 24766 44
24759 24773 212
24774 24824 223
24797 24826 165
24824 24833 52
24825 24875 108
24852 24862 150
24869 24890 113
24883 24913 283
24895 24939 58
24914 24940 132
24927 24957 24
24935 24968 131
24949 24955 203
24977 25010 267
25001 25026 35
25025 25042 86
25052 25083 79
25062 25068 246
25086 25118 253
25105 25146 196
25135 25138 228
25165 25193 24
25172 25215 13
25190 25206 115
25203 25240 232
25227 25238 283
25246 25292 158
25251 25252 33
25262 25282 286
25266 25309 87
25284 25314 268
25294 25330 201
25318 25337 84
25330 25374 1
25349 25383 79
25355 25393 170
25385 25394 17
25404 25425 71
25423 25469 1
25452 25486 282
25471 25501 251
25490 25491 28
25490 25537 175
25519 25565 112
25530 25542 238
25543 25563 300
25559 25574 32
25567 25574 125
25585 25595 10
25585 25619 60
25592 25614 216
25608 25616 63
25608 25637 231
25622 25629 86
25624 25628 115
25644 25658 100
25666 25701 54
25667 25713 27
25691 25708 180
25698 25741 9
25716 25731 151
25731 25749 136
25757 25761 34
25771 25805 197
25799 25839 175
25822 25841 276
25832 25882 119
25861 25881 16
25887 25912 269
25899 25912 206
25913 25945 225
25925 25946 112
25952 25981 24
25954 25998 82
25978 26002 252
26007 26054 133
26016 26043 50
26044 26082 105
26057 26107 169
26057 26088 49
26077 26080 75
26084 26124 140
26086 26112 244
26109 26151 265
26112 26149 281
26141 26173 297
26149 26153 71
26156 26202 11
26185 26203 71
26191 26217 240
26205 26214 274
26216 26230 73
26231 26270 270
26245 26246 164
26275 26279 108
26302 26342 281
26316 26337 208
26322 26326 8
26327 26358 194
26347 26352 130
26361 26392 10
26376 26417 271
26385 26414 1
26385 26404 60
26411 26458 234
26423 26465 67
26449 26490 61
26457 26463 128
26467 26502 284
26474 26502 295
26495 26513 261
26514 26544 193
26536 26566 217
26563 26567 123
26569 26605 186
26584 26621 293
26601 26607 110
26624 26639 268
26646 26689 250
26670 26675 151
26679 26720 10
26708 26713 212
26726 26748 280
26736 26747 297
26754 26765 157
26774 26782 299
26797 26821 119
26806 26819 184
26825 26844 209
26847 26891 143
26857 26880 258
26863 26901 183
26887 26930 3
26891 26913 184
26894 26916 222
26923 26973 146
26947 26981 72
26977 27019 108
27007 27045 239
27020 27035 268
27044 27046 269
27068 27086 33
27085 27112 45
27094 27133 101
27120 27150 209
27128 27135 144
27152 27199 181
27173 27196 109
27197 27246 221
27202 27212 81
27204 27215 184
27206 27241 295
27216 27263 48
27240 27273 149
27270 27297 229
27289 27295 13
27296 27340 273
27303 27334 226
27312 27348 29
27336 27356 30
27360 27364 255
27374 27379 108
27388 27426 90
27416 27464 216
27423 27457 188
27438 27470 219
27447 27455 240
27474 27513 186
27486 27505 12
27501 27502 47
27505 27539 272
27516 27549 108
27546 27582 224
27553 27595 43
27567 27576 72
27592 27608 297
27593 27612 152
27601 27639 205
27627 27643 2
27652 27662 43
27663 27666 95
27673 27717 242
27674 27708 274
27695 27737 16
27702 27728 273
27713 27721 281
27736 27770 226
27736 27770 251
27746 27750 46
27747 27756 128
27768 27794 117
27792 27821 36
27821 27869 156
27834 27856 120
27837 27838 295
27842 27877 267
27847 27882 117
27874 27878 49
27875 27876 269
27890 27911 181
27899 27941 109
27908 27929 197
27911 27912 7
27938 27985 245
27968 28014 116
27998 28024 105
28006 28029 270
28026 28063 245
28035 28038 160
28063 28094 35
28086 28087 247
28088 28113 300
28095 28139 138
28113 28116 72
28142 28163 127
28159 28193 272
28160 28177 61
28180 28205 168
28188 28218 88
28199 28227 33
28218 28230 33
28248 28298 65
28271 28320 199
28297 28340 63
28314 28328 275
28321 28350 247
28334 28360 51
28358 28399 213
28383 28395 82
28411 28459 2
28431 28481 124
28440 28451 289
28459 28484 4
28484 28534 211
28486 28523 138
28513 28529 279
28543 28551 184
28553 28596 270
28556 28590 134
28557 28560 256
28557 28592 245
28563 28570 102
28569 28588 90
28577 28605 61
28602 28634 210
28622 28665 12
28629 28674 293
28629 28650 221
28640 28646 34
28653 28669 275
28681 28718 134
28692 28728 10
28717 28764 55
28719 28722 144
28729 28767 203
28745 28792 178
28774 28803 170
28798 28838 37
28814 28815 4
28844 28865 67
28845 28882 90
28873 28893 114
28895 28901 172
28901 28941 43
28911 28917 292
28927 28928 250
28941 28991 282
28945 28948 299
28950 28988 129
28959 28985 77
28983 29015 8
29006 29054 60
29013 29015 283
29034 29036 74
29038 29054 93
29065 29084 78
29079 29098 34
29080 29108 102
29082 29131 220
29099 29104 76
29099 29115 193
29101 29110 249
29104 29147 240
29117 29135 110
29127 29176 214
29130 29155 46
29137 29163 12
29149 29196 293
29149 29173 13
29165 29167 54
29195 29244 125
29213 29243 22
29225 29241 50
29254 29260 274
29257 29284 192
29270 29312 31
29297 29321 2
29301 29347 49
29323 29352 145
29323 29330 79
29342 29346 104
29349 29389 148
29357 29382 17
29368 29416 172
29397 29441 8
29406 29429 141
29417 29464 91
29436 29468 115
29438 29447 38
29445 29451 136
29449 29464 162
29470 29505 104
29489 29495 281
29490 29521 270
29512 29538 136
29527 29541 141
29557 29588 39
29580 29591 32
29585 29609 275
29593 29595 274
29622 29637 223
29644 29647 54
29667 29697 198
29676 29725 33
29694 29741 205
29705 29709 174
29729 29764 278
29731 29761 9
29750 29760 100
29751 29759 2
29767 29812 67
29782 29827 260
29809 29840 84
29838 29842 37
29856 29879 24
29870 29892 38
29877 29880 276
29879 29889 171
29906 29935 208
29928 29965 243
29941 29956 279
29948 29954 277
29951 29988 231
29963 29967 273
29990 30022 262
29991 30040 104
30000 30004 132
30026 30068 161
30028 30060 193
30034 30054 104
30052 30076 149
30082 30085 288
30094 30096 189
30104 30138 235
30112 30121 117
30117 30161 270
30126 30127 200
30129 30148 139
30149 30155 173
30149 30158 76
30179 30210 85
30193 30232 250
30194 30244 269
30214 30258 245
30215 30236 171
30215 30233 50
30227 30254 174
30229 30263 16
30230 30238 171
30256 30285 159
30282 30287 18
30298 30299 79
30313 30336 172
30326 30328 289
30351 30395 137
30356 30399 277
30369 30384 236
30396 30405 168
30415 30464 91
30428 30433 36
30453 30485 127
30465 30503 118
30494 30514 240
30521 30531 96
30530 30560 41
30541 30545 108
30570 30609 195
30598 30602 202
30622 30634 111
30652 30662 71
30658 30677 23
30684 30694 225
30695 30709 266
30704 30731 241
30720 30728 75
30733 30767 138
30762 30767 112
30770 30790 134
30770 30781 34
30779 30782 7
30805 30855 84
30810 30836 72
30831 30843 227
30861 30906 48
30880 30904 12
30883 30928 176
30894 30898 142
30913 30950 222
30925 30975 79
30925 30975 101
30947 30952 288
30950 30997 144
30966 31013 171
30988 31009 158
31008 31027 63
31036 31082 286
31039 31057 190
31057 31106 65
31057 31060 37
31087 31106 75
31098 31108 2
31104 31123 60
31112 31153 43
31121 31143 222
31132 31170 28
31156 31192 60
31169 31211 295
31186 31234 202
31206 31247 147
31207 31217 175
31228 31235 130
31255 31301 8
31255 31293 60
31263 31277 228
31274 31297 42
31300 31303 22
31302 31340 240
31324 31348 113
31333 31372 75
31337 31357 265
31357 31389 217
31368 31381 184
31397 31416 125
31397 31414 16
31408 31419 214
31427 31471 13
31433 31467 15
31441 31488 275
31462 31488 176
31483 31506 279
31498 31527 218
31528 31565 129
31549 31589 229
31555 31596 241
31564 31600 229
31591 31638 278
31592 31611 153
31592 31595 264
31611 31623 255
31626 31648 43
31636 31676 67
31636 31642 28
31638 31644 183
31649 31681 252
31662 31676 204
31687 31717 287
31688 31697 119
31715 31759 237
31721 31753 253
31751 31791 54
31762 31794 110
31786 31817 1
31803 31839 279
31821 31851 192
31831 31868 37
31860 31865 6
31863 31897 83
31886 31904 285
31909 31912 92
31938 31954 227
31940 31941 229
31959 31969 25
31978 31997 170
32006 32033 280
32009 32051 259
32009 32058 170
32039 32061 187
32066 32114 164
32080 32113 118
32080 32107 148
32107 32125 184
32120 32146 80
32149 32164 293
32155 32205 234
32157 32175 199
32158 32188 136
32164 32178 139
32173 32200 7
32194 32232 185
32203 32235 25
32204 32234 142
32215 32232 52
32225 32261 76
32227 32241 170
32250 32295 56
32255 32260 278
32270 32290 209
32275 32325 234
32292 32304 169
32314 32324 24
32339 32381 280
32343 32354 173
32343 32370 137
32364 32388 202
32385 32396 185
32394 32443 159
32403 32442 145
32424 32446 125
32435 32465 162
32462 32475 179
32466 32512 92
32489 32529 58
32502 32535 26
32531 32557 17
32556 32590 261
32578 32627 279
32595 32603 156
32612 32636 126
32636 32673 143
32656 32693 22
32677 32690 236
32680 32726 79
32702 32748 287
32713 32726 180
32718 32723 134
32736 32782 237
32753 32762 252
32771 32817 148
32773 32801 165
32801 32844 215
32810 32819 119
32837 32869 239
32849 32877 80
32849 32859 115
32876 32894 283
32900 32927 231
32900 32949 179
32900 32906 151
32911 32941 235
32927 32965 212
32951 33001 88
32970 32981 105
32982 32990 127
33005 33037 228
33017 33042 75
33035 33053 263
33043 33078 192
33062 33069 288
33064 33087 222
33087 33129 97
33101 33128 276
33112 33123 147
33135 33165 122
33139 33160 235
33161 33195 229
33170 33192 279
33198 33202 165
33201 33206 191
33207 33215 284
33235 33275 163
33256 33284 2
33270 33300 163
33270 33282 89
33284 33308 114
33287 33293 237
33297 33314 200
33311 33361 240
33333 33349 110
33360 33370 95
33379 33427 72
33387 33399 29
33395 33424 186
33396 33444 100
33412 33423 299
33415 33428 72
33437 33483 168
33466 33469 137
33467 33504 187
33480 33527 170
33489 33538 79
33519 33548 52
33522 33543 227
33538 33548 243
33558 33559 37
33580 33590 245
33586 33627 68
33596 33628 178
33605 33650 140
33630 33664 218
33651 33685 228
33681 33695 195
33698 33699 52
33727 33767 85
33757 33800 157
33766 33788 220
33792 33800 4
33813 33847 119
33841 33853 161
33850 33896 266
33856 33887 248
33859 33889 12
33861 33874 160
33868 33911 268
33871 33899 273
33874 33916 154
33879 33904 178
33907 33917 250
33920 33944 12
33946 33978 83
33957 33992 140
33962 33993 221
33986 34011 153
33993 34014 297
34012 34022 213
34023 34038 241
34041 34074 13
34050 34088 80
34051 34065 165
34071 34108 223
34082 34093 15
34091 34114 86
34107 34118 121
34110 34149 160
34130 34149 75
34131 34158 191
34133 34169 170
34154 34173 185
34163 34185 168
34170 34212 47
34172 34180 172
34181 34227 106
34187 34217 62
34197 34235 263
34198 34199 218
34215 34244 276
34215 34217 134
34220 34226 153
34234 34264 10
34252 34291 53
34252 34257 282
34260 34290 100
34283 34291 144
34303 34342 64
34333 34381 32
34354 34372 55
34362 34370 136
34380 34392 111
34389 34439 294
34399 34411 213
34399 34421 152
34408 34421 67
34430 34453 218
34454 34486 268
34482 34506 53
34493 34513 69
34508 34525 189
34521 34539 242
34546 34560 216
34552 34601 151
34566 34582 144
34575 34601 204
34596 34632 278
34598 34644 104
34627 34638 171
34644 34673 165
34662 34683 20
34687 34721 15
34713 34728 219
34719 34741 258
34742 34773 91
34765 34808 18
34779 34789 224
34804 34805 288
34830 34871 225
34846 34890 49
34848 34865 45
34863 34874 284
34875 34892 104
34883 34927 288
34890 34900 194
34920 34922 184
34948 34996 84
34978 35006 167
34982 35023 242
35006 35051 22
35016 35056 194
35042 35092 296
35069 35087 269
35075 35076 286
35088 35110 203
35094 35113 7
35118 35151 21
35142 35171 198
35144 35164 261
35167 35215 57
35171 35217 188
35197 35215 70
35226 35259 261
35230 35236 207
35241 35247 149
35269 35275 75
35283 35308 267
35312 35350 87
35334 35373 291
35346 35363 128
35374 35384 9
35391 35434 254
35407 35429 158
35417 35460 86
35425 35471 171
35437 35444 32
35453 35463 124
35475 35491 57
35486 35504 125
35487 35520 88
35493 35521 112
35518 35546 63
35539 35564 33
35558 35571 172
35569 35597 129
35596 35638 182
35615 35634 169
35623 35668 94
35650 35685 110
35677 35706 114
35700 35721 191
35730 35764 44
35745 35770 15
35748 35794 145
35775 35788 75
35801 35826 65
35816 35851 91
35819 35826 67
35836 35874 125
35856 35896 226
35877 35915 214
35879 35903 129
35908 35957 240
35933 35961 3
35942 35967 259
35954 35962 167
35968 36012 190
35990 35998 184
36018 36064 112
36031 36059 135
36048 36055 42
36054 36076 271
36060 36077 144
36065 36078 144
36084 36099 254
36108 36118 235
36109 36151 131
36113 36126 232
36141 36146 162
36153 36195 205
36162 36200 137
36187 36232 8
36188 36211 278
36210 36244 255
36229 36244 289
36243 36272 211
36261 36309 271
36268 36318 233
36294 36336 86
36308 36317 2
36319 36367 252
36338 36374 180
36341 36373 86
36348 36367 287
36354 36377 66
36369 36409 140
36383 36425 40
36405 36430 4
36427 36455 162
36434 36476 155
36439 36450 146
36447 36474 236
36453 36459 6
36455 36484 97
36455 36481 241
36482 36508 232
36487 36503 123
36502 36529 46
36525 36531 255
36546 36579 73
36550 36567 96
36550 36600 168
36564 36567 29
36572 36607 169
36594 36617 217
36617 36662 159
36643 36654 205
36665 36671 192
36670 36674 203
36684 36715 182
36696 36724 180
36719 36769 235
36729 36750 190
36747 36789 286
36756 36781 105
36781 36803 194
36804 36830 88
36812 36823 88
36839 36850 292
36841 36868 143
36843 36864 138
36862 36871 258
36884 36917 141
36893 36935 95
36907 36947 154
36911 36928 127
36933 36974 215
36936 36966 15
36944 36980 249
36966 36996 261
36992 37032 285
37007 37017 153
37013 37050 296
37021 37065 15
37040 37072 36
37051 37085 56
37064 37081 93
37071 37107 257
37084 37110 284
37086 37123 114
37100 37142 203
37117 37134 280
37147 37169 84
37167 37178 240
37184 37234 36
37197 37225 209
37225 37240 166
37251 37285 107
37281 37284 118
37288 37336 8
37311 37349 210
37321 37371 60
37325 37344 147
37352 37356 276
37376 37414 27
37403 37433 24
37432 37455 160
37457 37473 250
37473 37508 102
37501 37506 57
37526 37566 138
37553 37595 77
37578 37586 240
37597 37606 71
37617 37647 69
37646 37662 7
37671 37689 238
37688 37729 277
37702 37724 103
37707 37746 52
37727 37736 274
37754 37796 11
37758 37768 231
37771 37820 9
37801 37803 254
37819 37867 256
37829 37837 108
37857 37890 3
37870 37874 285
37884 37905 33
37901 37907 262
37918 37957 132
37942 37980 9
37944 37985 1
37961 37996 173
37977 37991 277
37981 38010 225
37996 38010 29
38000 38047 177
38004 38025 176
38033 38056 18
38046 38093 18
38048 38056 193
38049 38084 36
38054 38086 22
38060 38072 84
38068 38084 44
38081 38102 200
38084 38130 42
38105 38109 257
38135 38136 130
38137 38168 213
38149 38164 53
38150 38189 170
38177 38196 239
38184 38190 297
38194 38207 70
38224 38273 109
38235 38267 86
38243 38290 118
38259 38289 187
38266 38282 278
38292 38315 70
38313 38319 278
38317 38347 63
38341 38353 151
38363 38373 118
38380 38398 32
38396 38409 131
38425 38448 137
38433 38451 135
38437 38462 140
38439 38478 293
38463 38494 123
38479 38490 267
38502 38506 22
38510 38525 9
38525 38575 221
38527 38553 139
38535 38581 146
38548 38580 271
38561 38578 48
38563 38602 216
38568 38615 209
38588 38603 107
38598 38604 7
38611 38630 276
38632 38659 181
38648 38691 43
38654 38677 47
38675 38708 25
38693 38695 151
38719 38759 59
38736 38739 187
38748 38774 191
38761 38802 38
38761 38776 233
38779 38786 137
38808 38845 4
38836 38878 95
38860 38863 230
38876 38901 117
38878 38880 292
38886 38933 141
38894 38916 255
38915 38944 59
38938 38946 136
38957 38999 108
38981 38983 282
38988 39018 207
39007 39055 118
39036 39044 94
39036 39083 284
39057 39100 221
39072 39119 239
39099 39113 32
39116 39122 221
39131 39134 129
39159 39197 40
39184 39204 253
39199 39238 51
39216 39222 98
39239 39245 282
39262 39277 271
39291 39309 299
39318 39331 50
39344 39379 124
39364 39367 239
39393 39438 269
39418 39422 252
39431 39446 295
39438 39473 79
39462 39512 213
39462 39484 237
39466 39514 141
39482 39502 285
39496 39519 180
39520 39536 222
39534 39535 172
39564 39603 12
39573 39608 102
39601 39621 211
39620 39648 70
39641 39665 176
39642 39661 85
39644 39682 209
39646 39679 119
39661 39711 221
39691 39727 233
39713 39741 179
39721 39770 248
39722 39740 141
39727 39752 163
39731 39776 50
39761 39809 178
39763 39800 49
39784 39799 24
39786 39816 214
39812 39847 160
39828 39841 267
39844 39845 152
39853 39858 278
39883 39913 110
39892 39898 13
39900 39928 79
39901 39933 171
39909 39911 252
39920 39960 26
39937 39941 184
39960 40009 74
39981 40003 133
39994 40029 123
40023 40030 283
40051 40068 261
40067 40089 267
40081 40100 130
40104 40113 298
40127 40153 107
40134 40141 57
40147 40164 266
40154 40196 270
40172 40220 297
40188 40202 88
40201 40242 274
40214 40222 32
40226 40273 55
40242 40284 57
40257 40268 274
40278 40294 280
40293 40338 14
40308 40312 184
40314 40326 268
40315 40335 288
40330 40378 83
40356 40400 141
40382 40391 133
40396 40397 72
40404 40413 142
40434 40437 162
40442 40475 130
40463 40494 48
40475 40506 139
40502 40548 262
40505 40547 188
40521 40569 261
40547 40571 97
40571 40619 154
40598 40601 42
40624 40659 119
40642 40671 135
40672 40722 60
40695 40741 37
40716 40723 148
40724 40773 170
40735 40757 99
40740 40741 220
40766 40779 159
40770 40779 299
40776 40800 121
40788 40790 143
40801 40837 10
40805 40815 165
40829 40875 213
40834 40870 82
40842 40887 190
40847 40886 282
40852 40888 116
40865 40876 9
40881 40893 273
40893 40924 201
40915 40929 51
40930 40935 31
40950 40971 260
40952 40971 213
40974 41020 173
40979 40994 223
41001 41035 6
41024 41074 260
41049 41091 256
41073 41094 151
41101 41131 39
41120 41162 142
41149 41191 3
41179 41204 135
41183 41227 172
41197 41214 40
41200 41213 30
41225 41226 101
41253 41296 213
41263 41281 101
41271 41292 256
41277 41282 136
41294 41334 230
41312 41317 191
41312 41329 88
41334 41351 181
41339 41340 167
41339 41375 156
41364 41373 233
41380 41407 168
41395 41419 38
41406 41435 239
41420 41469 217
41440 41487 65
41440 41450 251
41440 41447 191
41470 41511 140
41486 41505 189
41505 41544 209
41520 41539 30
41529 41570 117
41550 41558 127
41559 41600 42
41568 41569 122
41597 41608 261
41599 41642 119
41620 41631 10
41648 41656 73
41654 41672 178
41661 41692 171
41675 41680 259
41698 41728 234
41703 41723 134
41715 41753 142
41735 41783 223
41748 41771 10
41762 41790 25
41771 41789 68
41801 41829 187
41815 41862 252
41840 41848 234
41870 41911 117
41875 41923 229
41878 41884 156
41895 41938 116
41925 41957 76
41940 41954 112
41964 41979 237
41983 42030 133
41993 42026 16
42019 42043 118
42023 42056 131
42038 42048 204
42054 42083 103
42056 42073 110
42084 42117 278
42084 42094 23
42111 42153 255
42111 42157 23
42140 42162 94
42143 42166 1
42162 42165 278
42166 42211 263
42185 42220 81
42210 42222 250
42232 42282 293
42240 42269 64
42258 42275 139
42270 42320 282
42274 42295 267
42289 42297 104
42297 42322 298
42327 42346 296
42346 42390 276
42370 42374 241
42387 42412 116
42410 42429 221
42415 42454 114
42430 42438 295
42434 42450 112
42449 42498 31
42450 42463 171
42464 42478 32
42493 42527 270
42510 42541 246
42531 42564 165
42559 42584 113
42583 42630 74
42599 42608 120
42607 42636 143
42632 42665 142
42652 42688 20
42661 42691 60
42664 42696 17
42691 42729 83
42692 42720 192
42709 42745 283
42735 42737 262
42760 42802 133
42779 42814 202
42784 42827 169
42808 42851 40
42831 42842 188
42850 42872 44
42855 42905 229
42868 42874 166
42881 42916 204
42901 42934 137
42913 42942 235
42934 42974 179
42957 42961 90
42968 42997 204
42989 43003 250
43018 43037 162
43037 43045 106
43063 43102 243
43086 43110 58
43089 43106 76
43089 43095 45
43117 43126 36
43144 43152 127
43156 43196 268
43160 43187 116
43178 43183 23
43204 43215 175
43204 43245 35
43230 43261 151
43248 43284 49
43259 43265 287
43266 43282 192
43266 43294 93
43295 43327 188
43313 43353 55
43323 43368 49
43348 43376 140
43350 43380 143
43359 43371 113
43385 43399 151
43411 43423 65
43411 43460 3
43421 43442 231
43428 43448 105
43450 43456 19
43469 43506 264
43487 43495 185
43512 43518 162
43516 43532 41
43518 43562 116
43541 43588 203
43555 43560 300
43561 43582 184
43578 43615 144
43580 43629 204
43608 43644 265
43624 43650 38
43650 43660 63
43679 43720 266
43692 43733 110
43720 43768 43
43748 43770 185
43767 43805 129
43790 43809 220
43793 43799 68
43813 43832 138
43815 43845 133
43836 43849 212
43841 43875 203
43850 43861 143
43878 43896 154
43892 43929 44
43899 43932 36
43900 43949 284
43916 43934 150
43934 43974 268
43958 43970 248
43962 43976 211
43980 44007 56
43984 43992 185
43994 44034 142
44013 44031 128
44033 44041 97
44041 44051 202
44057 44066 299
44086 44104 69
44098 44140 59
44103 44106 120
44120 44154 214
44133 44170 159
44140 44180 128
44150 44190 297
44178 44223 69
44186 44206 197
44198 44223 173
44225 44249 16
44225 44271 198
44249 44270 114
44260 44307 287
44264 44312 229
44294 44295 141
44305 44321 131
44335 44376 191
44347 44394 229
44372 44373 268
44402 44415 37
44420 44462 157
44421 44469 83
44424 44428 3
44438 44485 4
44466 44509 192
44483 44491 180
44498 44506 33
44526 44571 124
44535 44578 131
44565 44594 159
44585 44599 26
44593 44608 276
44598 44606 67
44628 44635 244
44644 44655 188
44651 44691 246
44679 44718 247
44690 44736 266
44690 44716 180
44699 44745 118
44712 44736 222
44715 44737 54
44736 44739 244
44745 44757 12
44760 44798 164
44767 44769 108
44767 44812 65
44792 44798 29
44792 44829 183
44815 44816 267
44826 44865 194
44826 44867 285
44846 44885 261
44867 44878 278
44886 44912 59
44905 44943 227
44934 44966 213
44945 44947 48
44967 44968 163
44971 44995 100
44994 45025 232
45013 45020 125
45031 45045 16
45054 45070 123
45056 45099 200
45076 45099 237
45105 45140 123
45124 45129 79
45138 45181 155
45145 45178 82
45157 45172 9
45181 45189 263
45183 45231 5
45202 45215 204
45232 45264 18
45252 45300 65
45255 45280 260
45272 45298 48
45292 45307 271
45305 45351 65
45319 45353 103
45344 45377 62
45367 45384 40
45371 45394 194
45401 45414 179
45420 45457 285
45437 45473 51
45450 45492 286
45478 45483 300
45503 45531 36
45510 45521 5
45524 45540 204
45540 45566 98
45543 45573 202
45551 45576 92
45560 45564 92
45585 45628 56
45609 45642 251
45635 45645 33
45657 45683 298
45672 45697 45
45689 45738 101
45699 45708 248
45706 45711 38
45724 45730 237
45737 45755 296
45754 45798 101
45780 45827 208
45802 45819 109
45814 45838 106
45818 45830 114
45818 45854 225
45830 45857 52
45841 45891 26
45871 45893 215
45889 45931 94
45892 45924 96
45906 45956 133
45935 45979 274
45953 45966 102
45958 45991 208
45962 46003 20
45976 46009 68
45978 46000 268
45984 46020 211
45997 46023 168
46020 46052 250
46022 46064 266
46039 46047 112
46061 46101 173
46081 46085 296
46095 46098 108
46123 46137 58
46146 46183 81
46172 46177 22
46191 46216 170
46207 46236 110
46225 46229 177
46225 46266 298
46255 46267 126
46271 46295 24
46280 46291 278
46295 46333 16
46314 46326 269
46342 46392 100
46349 46394 285
46361 46410 21
46386 46422 188
46400 46409 259
46430 46464 149
46436 46485 228
46460 46463 112
46461 46505 98
46467 46471 34
46469 46509 200
46478 46519 216
46487 46499 273
46512 46549 17
46531 46562 141
46546 46563 297
46572 46590 82
46581 46627 83
46593 46624 2
46599 46611 64
46607 46636 42
46611 46623 264
46641 46655 71
46648 46659 52
46675 46712 250
46692 46729 298
46705 46717 143
46734 46782 42
46745 46758 208
46747 46749 171
46755 46756 55
46772 46812 1
46789 46807 257
46809 46844 133
46835 46845 32
46847 46883 42
46864 46893 128
46870 46885 291
46874 46903 180
46875 46896 289
46891 46908 36
46892 46913 220
46893 46910 37
46906 46924 36
46910 46911 45
46934 46949 65
46961 46995 181
46985 47029 174
46991 47012 141
46997 47047 81
47008 47049 240
47037 47066 74
47041 47083 152
47059 47101 223
47089 47120 295
47117 47147 245
47118 47147 7
47145 47167 277
47154 47179 262
47158 47197 248
47181 47182 187
47201 47215 22
47207 47251 33
47214 47239 266
47225 47245 70
47235 47270 299
47250 47255 98
47270 47305 263
47291 47340 105
47301 47341 206
47306 47345 133
47331 47363 134
47340 47354 95
47341 47343 239
47344 47381 152
47357 47358 206
47382 47429 21
47393 47435 195
47418 47446 223
47442 47457 193
47451 47462 288
47476 47490 142
47481 47519 116
47489 47512 102
47492 47525 193
47499 47541 285
47506 47528 143
47532 47565 143
47543 47547 73
47554 47586 289
47562 47598 93
47564 47593 71
47572 47593 25
47593 47608 48
47623 47670 34
47628 47647 285
47656 47658 79
47674 47687 139
47699 47723 100
47728 47770 5
47743 47784 254
47762 47803 114
47773 47817 86
47793 47820 163
47804 47833 272
47814 47846 225
47832 47834 235
47859 47876 88
47884 47909 185
47898 47941 287
47928 47946 243
47936 47961 200
47943 47964 211
47971 47984 154
47980 47992 185
48005 48023 75
48025 48065 33
48039 48079 82
48056 48067 123
48066 48101 258
48077 48117 163
48091 48121 297
48116 48133 224
48133 48142 36
48140 48182 132
48165 48181 18
48181 48209 184
48192 48220 83
48199 48204 137
48216 48246 290
48241 48261 29
48244 48274 207
48266 48271 256
48295 48325 115
48315 48339 192
48321 48369 59
48324 48348 260
48327 48360 100
48335 48369 92
48357 48404 78
48381 48385 126
48385 48431 162
48390 48399 184
48401 48423 95
48419 48428 273
48421 48468 60
48425 48446 213
48443 48477 136
48449 48456 238
48476 48504 89
48476 48519 86
48478 48499 197
48481 48518 248
48510 48540 204
48528 48568 169
48549 48577 288
48573 48590 106
48592 48603 53
48599 48637 73
48611 48634 118
48631 48666 165
48644 48673 184
48655 48686 223
48681 48708 252
48699 48724 92
48713 48721 193
48729 48731 161
48747 48794 283
48765 48815 136
48790 48803 228
48808 48847 59
48816 48820 60
48844 48892 286
48844 48850 217
48857 48895 157
48878 48901 25
48891 48923 276
48914 48958 162
48922 48949 13
48923 48969 203
48951 48973 298
48959 48990 200
48969 49019 197
48975 49025 102
48983 49012 15
48985 48990 86
49005 49050 225
49029 49048 4
49040 49056 254
49046 49084 254
49073 49096 213
49075 49120 196
49096 49146 46
49119 49151 251
49128 49131 245
49141 49148 145
49143 49187 184
49147 49148 252
49174 49204 108
49199 49246 143
49212 49223 170
49217 49252 298
49217 49224 9
49218 49247 235
49227 49229 189
49237 49242 29
49254 49283 198
49279 49314 221
49294 49306 36
49310 49337 187
49321 49348 280
49346 49364 239
49371 49405 207
49401 49445 99
49431 49440 108
49435 49449 123
49448 49454 7
49460 49477 180
49470 49510 299
49495 49511 166
49496 49524 205
49504 49533 286
49523 49536 133
49537 49575 35
49551 49569 164
49576 49588 203
49589 49597 220
49598 49628 190
49614 49636 290
49625 49646 147
49630 49669 266
49631 49671 56
49642 49690 286
49647 49682 198
49652 49687 51
49667 49685 68
49677 49681 162
49699 49738 130
49707 49752 81
49707 49727 74
49725 49748 28
49741 49778 137
49771 49815 40
49774 49778 33
49801 49817 151
49807 49845 137
49830 49873 114
49846 49860 56
49861 49904 25
49888 49926 29
49914 49940 289
49935 49962 234
49958 49969 145
49984 50011 64
49990 50013 283
50001 50026 76
50026 50033 267
50048 50068 106
50052 50095 240
50067 50087 272
50087 50101 240
50104 50111 191
50110 50151 30
50139 50176 30
50148 50185 298
50170 50203 141
50192 50229 31
50200 50229 214
50218 50219 249
50246 50296 264
50261 50285 120
50279 50325 53
50282 50297 154
50296 50340 241
50306 50327 57
50335 50383 244
50352 50389 254
50378 50389 204
50386 50415 86
50393 50440 58
50397 50437 278
50427 50450 230
50430 50470 246
50430 50435 5
50433 50462 85
50453 50497 112
50463 50492 298
50485 50488 150
50497 50516 248
50514 50536 31
50517 50555 95
50523 50549 118
50545 50573 81
50572 50597 93
50580 50600 300
50606 50610 14
50610 50642 130
50638 50641 1
50647 50688 280
50656 50685 127
50686 50706 182
50688 50694 172
50711 50760 169
50741 50778 106
50745 50781 49
50751 50797 171
50764 50813 137
50764 50768 72
50791 50822 136
50815 50858 228
50845 50874 64
50868 50892 276
50887 50892 18
50901 50933 168
50923 50934 269
50940 50984 276
50951 50958 130
50979 51017 43
50995 51029 255
50998 51003 68
51014 51052 189
51036 51070 168
51055 51057 250
51082 51107 146
51098 51104 229
51118 51155 135
51120 51127 145
51137 51179 183
51147 51163 108
51175 51221 113
51180 51222 138
51209 51223 99
51230 51271 300
51232 51271 135
51245 51290 132
51265 51300 132
51288 51312 11
51315 51358 26
51337 51384 14
51350 51389 95
51358 51378 80
51383 51399 26
51394 51443 59
51418 51449 52
51421 51461 202
51439 51480 246
51465 51488 68
51478 51519 13
51483 51530 32
51483 51487 168
51487 51494 51
51498 51529 1
51501 51541 35
51523 51527 75
51548 51565 275
51574 51594 43
51575 51602 190
51593 51627 59
51598 51641 128
51619 51623 235
51625 51630 217
51653 51678 192
51661 51701 10
51685 51730 89
51694 51701 101
51694 51739 169
51694 51738 89
51696 51723 196
51716 51725 8
51718 51764 254
51724 51737 249
51745 51767 27
51751 51780 273
51762 51812 14
51773 51818 53
51774 51790 198
51775 51823 6
51802 51809 239
51817 51828 44
51836 51857 117
51848 51885 70
51850 51851 49
51869 51881 125
51889 51892 101
51904 51950 202
51922 51940 26
51946 51992 142
51954 51958 268
51979 52015 156
51981 51985 57
52009 52040 79
52021 52031 74
52050 52071 10
52057 52095 188
52062 52087 39
52071 52114 281
52096 52135 99
52108 52152 83
52108 52150 79
52129 52158 82
52158 52170 74
52159 52173 57
52177 52226 64
52196 52225 253
52208 52258 210
52235 52265 277
52261 52265 31
52289 52333 287
52299 52317 270
52308 52333 183
52319 52362 159
52336 52369 147
52365 52381 24
52377 52388 99
52400 52432 119
52424 52461 11
52433 52466 246
52450 52473 36
52460 52488 100
52488 52494 115
52503 52517 299
52510 52526 7
52511 52557 64
52538 52559 65
52540 52574 225
52551 52560 100
52558 52565 220
52568 52578 179
52570 52576 31
52594 52621 115
52599 52627 128
52599 52607 245
52599 52631 58
52618 52629 239
52642 52689 198
52662 52663 67
52674 52718 125
52683 52696 146
52704 52729 143
52726 52773 300
52747 52780 2
52772 52791 23
52800 52810 11
52806 52849 150
52827 52847 279
52844 52859 35
52862 52886 210
52863 52882 81
52890 52930 42
52912 52945 203
52939 52967 122
52960 52978 148
52988 53025 204
53017 53021 242
53046 53059 279
53055 53090 31
53078 53089 246
53088 53138 205
53105 53144 97
53130 53178 110
53156 53179 46
53173 53181 264
53194 53242 85
53198 53214 180
53222 53247 295
53229 53235 119
53234 53268 283
53259 53265 123
53266 53300 210
53278 53307 288
53296 53342 198
53315 53357 95
53343 53367 54
53372 53382 84
53387 53402 98
53392 53440 39
53410 53418 211
53427 53470 163
53440 53466 235
53459 53476 132
53488 53523 79
53506 53519 235
53533 53560 133
53551 53554 79
53579 53587 98
53585 53610 263
53609 53651 170
53622 53655 122
53625 53657 280
53654 53655 29
53669 53719 12
53674 53714 169
53700 53724 177
53708 53752 25
53720 53733 77
53733 53752 97
53757 53790 177
53775 53814 1
53784 53785 82
53799 53839 48
53816 53841 41
53831 53841 26
53836 53880 225
53856 53858 62
53865 53881 113
53866 53894 288
53888 53919 252
53913 53947 42
53939 53962 29
53946 53972 173
53966 53995 93
53980 54001 138
53996 54031 191
54022 54037 293
54050 54075 274
54060 54098 266
54065 54084 46
54076 54126 257
54081 54090 283
54096 54115 21
54117 54138 132
54125 54133 203
54148 54169 188
54154 54163 15
54160 54195 176
54160 54161 81
54178 54201 137
54193 54201 145
54209 54219 204
54230 54234 30
54258 54276 61
54281 54324 269
54286 54305 64
54309 54333 65
54325 54330 279
54350 54379 279
54371 54411 29
54396 54414 19
54421 54465 180
54450 54480 89
54456 54478 160
54461 54495 104
54480 54493 80
54497 54528 121
54510 54535 178
54540 54588 103
54562 54594 19
54578 54579 227
54578 54580 91
54608 54646 90
54619 54642 191
54631 54681 173
54654 54701 13
54670 54696 211
54672 54693 34
54677 54697 28
54699 54706 290
54703 54741 274
54731 54770 207
54737 54786 109
54754 54792 292
54761 54785 13
54766 54785 269
54789 54803 46
54807 54824 228
54816 54837 56
54841 54882 95
54871 54897 205
54894 54911 138
54898 54913 132
54901 54907 223
54923 54942 202
54926 54969 152
54940 54964 158
54969 54989 207
54984 55034 131
54990 55007 108
54995 54997 290
55007 55039 249
55009 55039 152
55019 55033 96
55027 55062 225
55046 55065 209
55054 55061 148
55074 55094 242
55080 55110 221
55097 55112 219
55103 55145 97
55112 55159 142
55128 55165 7
55152 55165 103
55178 55197 134
55201 55249 112
55212 55249 225
55230 55257 102
55241 55256 77
55249 55296 243
55272 55290 53
55294 55326 43
55324 55329 180
55349 55385 138
55378 55393 18
55378 55398 266
55391 55395 218
55413 55429 31
55440 55447 156
55468 55501 245
55493 55495 71
55517 55558 171
55541 55567 64
55561 55572 53
55565 55608 36
55577 55612 9
55597 55630 135
55623 55667 223
55638 55656 219
55659 55707 219
55663 55670 134
55690 55715 162
55699 55738 24
55714 55753 121
55714 55762 183
55735 55757 94
55741 55791 175
55749 55780 33
55776 55800 162
55788 55818 237
55812 55845 92
55820 55868 33
55833 55869 152
55849 55896 34
55863 55870 39
55872 55909 235
55891 55895 27
55917 55921 251
55944 55952 171
55945 55946 199
55950 55997 287
55951 55980 241
55964 55995 203
55992 56014 71
55997 56043 281
56001 56011 206
56030 56035 217
56047 56059 244
56052 56095 183
56052 56058 190
56077 56107 192
56099 56115 189
56127 56133 211
56138 56148 110
56149 56151 184
56161 56185 273
56172 56196 257
56198 56211 24
56219 56246 131
56248 56277 94
56262 56280 44
56266 56303 96
56290 56333 158
56313 56363 200
56337 56344 240
56348 56394 51
56373 56422 115
56401 56402 107
56423 56434 135
56446 56489 130
56460 56494 105
56487 56517 202
56506 56542 198
56525 56541 163
56547 56574 169
56571 56585 64
56600 56647 2
56622 56633 234
56637 56650 202
56658 56681 30
56677 56682 123
56702 56719 242
56731 56760 193
56746 56787 163
56771 56787 125
56773 56810 130
56775 56794 190
56805 56840 226
56810 56819 219
56811 56847 231
56819 56863 237
56841 56864 245
56848 56897 111
56873 56878 80
56883 56907 35
56888 56892 107
56888 56928 77
56903 56938 160
56914 56923 189
56936 56953 155
56936 56940 236
56961 56968 208
56965 57008 11
56988 57027 167
56992 57031 173
57001 57044 225
57030 57078 8
57038 57044 212
57044 57055 134
57057 57105 202
57077 57095 154
57078 57092 95
57082 57131 215
57104 57119 81
57116 57160 187
57123 57155 178
57137 57162 55
57144 57149 29
57156 57171 10
57165 57180 248
57166 57208 276
57167 57211 224
57168 57216 133
57192 57211 151
57222 57230 168
57223 57266 33
57224 57261 31
57228 57234 220
57246 57259 215
57250 57267 155
57260 57298 234
57263 57279 153
57292 57319 204
57293 57303 124
57314 57346 8
57338 57351 160
57360 57365 204
57370 57398 274
57393 57427 30
57413 57416 171
57432 57462 17
57457 57464 284
57472 57501 257
57475 57478 93
57486 57504 51
57509 57522 252
57518 57519 185
57526 57570 145
57539 57571 5
57539 57544 191
57556 57574 87
57573 57599 297
57603 57645 201
57620 57665 183
57641 57689 294
57646 57655 184
57649 57659 78
57667 57714 272
57678 57714 288
57688 57723 85
57692 57740 120
57700 57725 62
57712 57740 67
57742 57759 299
57771 57774 276
57800 57833 102
57811 57816 70
57824 57855 225
57827 57862 113
57849 57875 198
57876 57909 32
57901 57923 15
57917 57946 158
57946 57970 52
57967 58006 179
57969 58010 63
57979 58022 194
57997 57998 162
58011 58060 232
58025 58055 69
58026 58065 197
58028 58073 202
58058 58106 123
58083 58090 235
58099 58146 102
58124 58126 78
58137 58149 158
58151 58190 181
58154 58165 171
58178 58210 39
58179 58208 58
58200 58250 197
58204 58232 215
58204 58236 296
58218 58223 54
58246 58289 144
58247 58282 48
58265 58285 232
58272 58280 180
58285 58297 252
58313 58351 283
58339 58340 150
58339 58344 102
58358 58391 211
58383 58385 210
58388 58438 152
58391 58403 258
58392 58403 183
58407 58449 39
58424 58437 193
58432 58463 217
58460 58505 75
58484 58518 154
58506 58510 218
58523 58529 14
58540 58581 86
58566 58588 172
58592 58614 56
58599 58628 215
58602 58651 215
58604 58631 141
58616 58649 41
58622 58654 210
58637 58661 22
58646 58650 71
58658 58672 162
58667 58675 110
58682 58702 143
58709 58752 55
58713 58738 71
58740 58772 29
58751 58783 268
58754 58763 35
58768 58799 179
58777 58786 170
58783 58804 206
58804 58819 53
58812 58841 239
58825 58831 203
58848 58882 120
58867 58871 173
58889 58929 242
58896 58923 17
58905 58927 172
58930 58944 155
58939 58966 293
58945 58971 102
58965 59007 77
58977 58996 109
58985 59032 111
59005 59050 227
59029 59035 3
59048 59060 6
59069 59086 290
59092 59137 246
59094 59114 235
59094 59101 81
59110 59160 99
59121 59157 57
59151 59178 17
59156 59202 207
59161 59163 18
59172 59222 296
59179 59200 68
59188 59212 147
59191 59241 218
59218 59250 285
59235 59271 41
59239 59246 210
59249 59287 131
59271 59292 89
59288 59300 243
59297 59314 239
59316 59354 134
59342 59344 214
59355 59397 33
59384 59428 39
59395 59431 268
59401 59427 137
59416 59465 6
59435 59475 240
59439 59444 82
59469 59517 51
59491 59518 283
59518 59526 223
59530 59534 144
59552 59576 55
59563 59611 209
59581 59589 254
59608 59635 206
59637 59675 97
59638 59671 151
59666 59687 28
59681 59687 141
59698 59707 261
59720 59754 149
59749 59790 108
59753 59781 91
59757 59804 72
59771 59777 31
59778 59811 141
59805 59827 232
59830 59851 199
59838 59881 237
59857 59862 109
59869 59876 200
59869 59872 37
59880 59912 107
59892 59939 144
59921 59949 71
59932 59953 32
59954 59993 273
59983 60024 121
59989 60017 185
60012 60046 40
60029 60078 49
60047 60065 262
60049 60072 153
60070 60095 215
60096 60137 106
60123 60172 13
60129 60140 9
60132 60168 21
60146 60190 255
60147 60190 73
60169 60179 192
60182 60228 5
60189 60225 76
60208 60239 268
60212 60236 206
60236 60251 83
60252 60286 91
60277 60290 78
60277 60298 288
60294 60336 74
60298 60325 171
60326 60332 240
60342 60378 264
60349 60358 88
60370 60374 236
60397 60433 168
60422 60426 76
60422 60436 171
60451 60472 140
60462 60494 246
60479 60507 53
60503 60542 87
60519 60533 97
60545 60588 41
60547 60591 5
60576 60619 212
60590 60603 122
60611 60616 211
60619 60636 72
60632 60644 113
60633 60662 208
60648 60672 182
60666 60690 271
60677 60713 151
60684 60719 5
60686 60723 271
60714 60730 194
60733 60754 286
60751 60776 116
60767 60784 79
60782 60794 19
60787 60826 67
60808 60839 55
60838 60880 189
60846 60886 217
60873 60901 209
60900 60926 212
60926 60965 15
60951 60961 21
60953 60978 253
60967 61010 270
60986 61026 10
60993 61040 242
61022 61059 69
61042 61068 36
61052 61102 210
61075 61109 160
61104 61105 67
61125 61154 254
61151 61177 119
61171 61199 261
61174 61212 49
61186 61224 294
61212 61259 3
61232 61279 140
61245 61269 13
61264 61289 155
61275 61302 278
61301 61313 4
61324 61358 170
61328 61360 27
61339 61349 144
61369 61418 165
61389 61391 104
61395 61408 35
61422 61430 17
61447 61495 128
61475 61492 43
61478 61525 201
61495 61542 86
61517 61521 155
61524 61533 142
61554 61573 124
61555 61599 47
61561 61575 86
61584 61606 53
61614 61652 52
61620 61627 26
61647 61677 97
61648 61668 205
61651 61699 280
61653 61655 101
61654 61687 249
61684 61728 229
61710 61734 129
61731 61762 126
61738 61759 162
61758 61781 172
61775 61807 261
61778 61804 118
61789 61795 67
61791 61817 137
61810 61821 69
61815 61845 252
61830 61867 300
61857 61897 109
61864 61898 143
61893 61894 27
61895 61899 110
61896 61918 84
61912 61935 222
61932 61977 232
61949 61982 299
61959 61965 128
61974 61994 21
61989 61992 290
61991 62011 50
61993 62043 211
62013 62025 226
62036 62052 66
62064 62093 182
62086 62120 128
62087 62119 247
62110 62120 53
62126 62168 136
62149 62199 207
62161 62173 63
62175 62187 20
62187 62229 243
62187 62192 266
62199 62211 7
62229 62238 49
62252 62301 237
62272 62314 236
62291 62324 143
62294 62314 109
62295 62336 300
62309 62318 300
62316 62362 173
62334 62379 4
62346 62366 157
62350 62391 6
62370 62409 231
62380 62429 110
62392 62396 196
62402 62405 93
62417 62436 106
62440 62464 30
62465 62484 200
62481 62523 198
62509 62554 65
62529 62559 150
62558 62595 178
62582 62618 111
62583 62595 200
62605 62633 80
62618 62642 237
62642 62685 105
62653 62654 287
62659 62669 206
62669 62702 198
62699 62713 95
62706 62743 229
62711 62734 253
62731 62746 239
62747 62773 193
62772 62782 215
62802 62836 112
62802 62828 290
62808 62856 16
62809 62829 204
62812 62842 273
62816 62839 151
62829 62859 40
62857 62875 33
62878 62918 75
62908 62917 281
62925 62926 235
62939 62983 284
62945 62980 245
62952 62998 10
62968 63003 247
62977 63003 74
62997 63033 101
63020 63023 197
63028 63065 110
63030 63040 219
63035 63078 281
63045 63079 226
63060 63099 140
63081 63095 126
63092 63120 208
63099 63108 289
63109 63149 276
63138 63148 259
63160 63184 45
63177 63226 222
63185 63191 51
63214 63255 52
63240 63277 191
63252 63254 166
63264 63301 263
63273 63286 206
63291 63306 198
63296 63300 136
63305 63313 154
63327 63343 254
63334 63364 162
63341 63361 295
63354 63372 141
63375 63398 179
63386 63391 278
63402 63447 103
63425 63431 62
63433 63443 255
63433 63459 86
63445 63491 287
63453 63465 277
63481 63505 253
63487 63529 122
63502 63532 90
63518 63559 295
63528 63576 141
63530 63537 122
63560 63594 87
63560 63566 63
63560 63569 2
63587 63636 99
63587 63614 180
63603 63622 273
63603 63627 107
63605 63634 106
63631 63674 123
63661 63682 76
63682 63689 294
63704 63716 61
63719 63724 202
63721 63758 93
63749 63789 127
63767 63775 118
63772 63822 124
63798 63843 119
63802 63826 183
63810 63842 285
63810 63858 253
63810 63821 282
63830 63873 274
63845 63895 250
63860 63865 36
63872 63875 290
63891 63932 10
63891 63899 7
63895 63942 108
63923 63971 162
63935 63947 237
63964 63973 93
63964 63994 184
63964 63974 53
63975 63992 62
63996 64029 11
64004 64013 192
64033 64049 80
64059 64101 224
64081 64099 169
64093 64124 121
64097 64134 289
64105 64120 255
64130 64142 214
64142 64147 287
64152 64184 182
64181 64207 264
64185 64197 184
64206 64229 120
64231 64232 32
64239 64286 288
64246 64247 142
64248 64262 211
64262 64306 290
64284 64309 171
64307 64322 276
64317 64361 84
64330 64366 70
64341 64387 72
64357 64370 297
64383 64411 84
64412 64438 18
64442 64483 53
64472 64512 20
64494 64539 256
64519 64551 176
64520 64533 220
64549 64561 151
64557 64587 278
64566 64576 208
64577 64609 300
64595 64610 236
64615 64649 242
64635 64681 221
64635 64643 125
64652 64668 97
64675 64717 242
64696 64708 241
64707 64756 260
64712 64758 209
64715 64734 160
64742 64773 259
64754 64778 3
64762 64770 298
64777 64809 210
64804 64840 255
64821 64844 225
64832 64873 164
64835 64839 48
64852 64864 53
64882 64916 43
64912 64917 39
64941 64981 194
64964 65013 79
64971 65007 148
64988 65028 40
65017 65038 243
65024 65049 65
65048 65051 297
65056 65075 260
65065 65099 19
65089 65094 239
65108 65132 131
65130 65157 159
65137 65147 208
65152 65172 200
65175 65188 29
65192 65222 182
65201 65241 84
65222 65269 173
65234 65252 288
65253 65300 262
65276 65304 144
65279 65314 12
65285 65310 80
65299 65316 265
65310 65314 259
65323 65352 159
65350 65396 253
65356 65398 17
65375 65416 14
65390 65430 18
65400 65431 190
65411 65421 71
65423 65437 170
65440 65456 203
65468 65495 266
65474 65475 42
65500 65525 280
65517 65547 257
65546 65566 287
65552 65581 103
65566 65608 243
65569 65576 99
65569 65601 1
65575 65622 106
65601 65625 24
65622 65667 177
65651 65682 76
65666 65698 270
65688 65707 266
65718 65739 145
65728 65776 260
65748 65768 195
65766 65792 107
65770 65813 164
65790 65833 194
65808 65855 254
65817 65818 38
65832 65860 33
65841 65884 71
65859 65868 85
65889 65914 290
65890 65938 167
65893 65917 60
65911 65925 57
65934 65948 298
65938 65956 258
65958 66005 270
65959 65962 128
65987 66011 239
66005 66048 17
66028 66071 268
66036 66074 262
66042 66088 165
66072 66078 256
66073 66101 8
66087 66112 1
66115 66121 31
66121 66123 226
66136 66155 209
66143 66152 216
66159 66166 91
66179 66214 104
66191 66199 110
66211 66251 284
66217 66257 10
66231 66249 72
66236 66260 115
66241 66254 223
66258 66283 283
66277 66297 191
66297 66338 135
66318 66367 48
66328 66362 268
66336 66346 155
66336 66347 220
66340 66362 137
66348 66396 149
66351 66385 27
66375 66379 200
66389 66404 180
66404 66452 89
66434 66467 248
66453 66485 261
66453 66475 94
66475 66502 127
66483 66490 204
66513 66558 179
66536 66556 76
66554 66577 183
66571 66607 73
66601 66631 200
66621 66653 292
66638 66678 295
66639 66641 89
66652 66665 144
66667 66673 147
66693 66740 54
66705 66728 77
66711 66752 186
66723 66744 42
66739 66754 41
66759 66779 141
66768 66808 128
66789 66829 297
66806 66829 174
66830 66832 10
66859 66895 211
66883 66913 253
66902 66932 223
66911 66961 236
66931 66958 134
66938 66955 268
66954 67001 240
66966 66984 172
66980 67021 246
67005 67027 39
67011 67057 271
67026 67068 257
67047 67065 57
67065 67090 193
67072 67114 81
67084 67096 206
67107 67136 147
67122 67156 31
67149 67191 163
67155 67184 232
67184 67215 63
67195 67201 61
67196 67213 269
67202 67222 195
67202 67245 227
67205 67213 229
67222 67234 165
67228 67232 92
67238 67245 192
67265 67291 135
67279 67301 257
67284 67323 24
67306 67323 97
67313 67322 9
67318 67329 102
67318 67340 298
67335 67351 283
67340 67379 267
67368 67387 242
67375 67392 86
67389 67420 274
67402 67449 59
67432 67442 215
67456 67473 13
67483 67497 217
67493 67538 146
67518 67564 28
67545 67559 251
67574 67580 259
67593 67621 224
67606 67644 12
67621 67653 247
67647 67658 76
67658 67695 160
67672 67720 236
67698 67731 271
67709 67750 140
67728 67773 213
67742 67782 250
67756 67799 242
67779 67814 245
67808 67845 151
67815 67827 86
67828 67876 169
67852 67865 78
67862 67894 34
67866 67875 3
67870 67901 75
67888 67894 79
67899 67918 195
67907 67921 273
67922 67943 282
67923 67958 279
67935 67966 36
67939 67963 179
67955 67994 26
67957 67986 125
67960 67968 51
67968 67995 110
67979 67986 203
67996 68036 81
68024 68059 221
68052 68099 170
68071 68109 152
68077 68121 209
68098 68101 137
68102 68133 82
68130 68135 73
68144 68174 271
68169 68197 7
68189 68220 234
68195 68208 71
68220 68244 182
68236 68276 42
68243 68273 246
68250 68293 99
68275 68277 260
68275 68289 255
68277 68312 181
68277 68281 71
68306 68330 122
68323 68326 187
68352 68384 256
68376 68416 112
68387 68414 176
68396 68423 28
68406 68408 275
68413 68446 155
68414 68429 66
68432 68466 12
68457 68502 121
68468 68494 14
68472 68482 157
68478 68524 113
68506 68540 130
68506 68530 46
68521 68545 274
68522 68565 236
68527 68540 217
68530 68550 46
68552 68596 118
68581 68612 32
68591 68601 182
68599 68625 267
68619 68639 240
68635 68647 143
68661 68700 274
68684 68698 155
68685 68717 98
68700 68733 57
68726 68743 230
68738 68745 242
68745 68795 194
68758 68766 32
68787 68832 202
68789 68815 139
68791 68834 294
68802 68828 276
68826 68868 152
68851 68895 97
68861 68868 203
68878 68910 26
68895 68927 283
68918 68950 220
68937 68954 28
68960 68963 186
68990 69032 260
68998 69017 241
69001 69030 191
69002 69020 95
69025 69061 14
69044 69075 272
69069 69087 140
69079 69110 53
69088 69117 110
69103 69118 193
69106 69121 82
69129 69163 288
69156 69181 46
69170 69211 159
69184 69216 67
69192 69239 105
69222 69246 284
69231 69233 287
69239 69251 73
69262 69275 295
69282 69307 180
69295 69319 216
69301 69332 37
69328 69347 86
69355 69397 162
69360 69399 65
69382 69428 23
69393 69396 46
69401 69424 299
69409 69428 36
69414 69443 1
69435 69473 153
69454 69475 235
69455 69476 278
69464 69480 298
69481 69491 43
69500 69541 86
69506 69555 79
69517 69537 58
69525 69537 205
69539 69567 234
69568 69602 240
69592 69633 297
69597 69605 163
69611 69645 38
69612 69627 93
69622 69665 20
69625 69637 121
69650 69673 122
69671 69681 23
69683 69704 225
69711 69714 142
69730 69749 224
69737 69744 5
69738 69760 184
69746 69763 5
69755 69759 133
69757 69772 43
69762 69793 86
69790 69828 46
69802 69848 292
69823 69842 182
69844 69894 147
69855 69873 194
69878 69915 99
69878 69928 142
69902 69903 20
69926 69953 56
69944 69945 244
69965 69970 236
69989 70015 287
70007 70008 118
70015 70025 75
70015 70022 299
70027 70067 136
70041 70057 187
70048 70063 246
70069 70092 300
70069 70096 273
70094 70115 250
70108 70155 181
70115 70158 62
70119 70129 28
70130 70159 259
70154 70193 259
70166 70179 23
70168 70178 107
70188 70230 110
70203 70211 120
70215 70223 237
70244 70279 277
70252 70298 276
70255 70277 42
70270 70304 126
70279 70326 217
70306 70343 111
70333 70380 144
70344 70391 230
70349 70388 99
70352 70390 237
70368 70397 283
70378 70385 194
70384 70404 212
70389 70425 27
70389 70436 269
70391 70419 8
70419 70424 73
70428 70458 36
70449 70466 84
70457 70467 5
70472 70521 155
70497 70510 144
70505 70541 283
70525 70575 118
70542 70543 22
70571 70607 167
70583 70596 288
70603 70653 153
70605 70616 24
70608 70621 102
70620 70643 100
70626 70630 258
70641 70653 109
70659 70669 89
70686 70690 99
70688 70690 261
70714 70754 99
70717 70742 251
70734 70743 281
70745 70782 14
70749 70759 107
70774 70810 76
70793 70822 238
70818 70862 188
70838 70882 267
70854 70881 210
70879 70901 11
70887 70889 253
70917 70955 166
70933 70971 230
70951 70974 284
70981 71005 242
71008 71011 77
71033 71042 14
71049 71082 25
71051 71075 199
71080 71107 218
71087 71110 106
71103 71105 206
71116 71125 271
71139 71183 34
71154 71204 105
71156 71167 14
71170 71213 271
71190 71200 59
71197 71236 1
71203 71208 150
71222 71225 30
71241 71286 160
71244 71284 259
71244 71265 197
71249 71280 183
71266 71315 58
71268 71278 63
71282 71314 163
71308 71357 92
71314 71335 9
71337 71387 55
71349 71397 176
71351 71390 139
71373 71410 209
71387 71418 4
71388 71437 241
71396 71432 209
71401 71428 272
71401 71408 248
71402 71431 283
71411 71428 74
71415 71455 293
71441 71468 166
71446 71459 257
71476 71488 130
71499 71501 55
71515 71544 28
71534 71582 220
71548 71568 128
71556 71594 290
71580 71623 271
71605 71624 135
71607 71625 95
71628 71676 178
71640 71684 221
71658 71680 222
71685 71690 217
71698 71748 226
71721 71727 79
71745 71749 58
71757 71794 60
71772 71807 261
71779 71805 59
71781 71815 243
71798 71837 171
71822 71830 50
71844 71854 254
71853 71884 266
71872 71887 41
71889 71895 20
71891 71939 61
71899 71929 265
71919 71943 271
71939 71940 30
71949 71960 58
71976 72011 197
71996 72034 14
72014 72025 100
72039 72057 292
72056 72095 4
72080 72115 48
72103 72132 102
72121 72128 238
72151 72173 52
72168 72182 9
72171 72198 102
72201 72208 200
72220 72268 145
72225 72250 32
72240 72252 19
72250 72291 106
72264 72280 70
72287 72332 94
72287 72292 15
72299 72321 300
72317 72362 34
72345 72349 79
72369 72393 146
72392 72398 52
72414 72455 98
72420 72434 281
72435 72464 92
72451 72497 163
72456 72478 170
72460 72498 136
72461 72484 14
72461 72468 132
72484 72518 132
72491 72536 288
72517 72534 288
72518 72547 67
72528 72569 137
72547 72576 44
72552 72577 75
72567 72616 139
72578 72607 95
72606 72653 202
72607 72641 279
72623 72626 136
72628 72670 64
72652 72688 289
72680 72695 1
72709 72756 182
72722 72729 172
72729 72730 198
72748 72754 300
72775 72796 270
72783 72810 37
72812 72840 122
72824 72834 113
72830 72866 262
72857 72900 180
72876 72888 223
72899 72912 195
72913 72960 107
72924 72957 146
72946 72984 144
72959 72997 149
72972 73006 216
72972 72993 164
72997 73013 228
73001 73017 203
73026 73074 64
73040 73044 276
73066 73093 213
73076 73117 35
73096 73131 194
73118 73149 277
73142 73165 281
73165 73188 77
73171 73175 31
73198 73200 149
73219 73221 95
73226 73241 47
73238 73263 24
73246 73275 115
73253 73258 84
73259 73285 128
73280 73295 55
73302 73352 193
73329 73366 3
73340 73379 147
73364 73403 76
73387 73429 11
73401 73403 284
73425 73466 219
73450 73495 134
73468 73496 253
73498 73539 201
73520 73559 237
73526 73560 115
73542 73551 286
73572 73587 132
73574 73620 100
73583 73605 243
73588 73631 44
73598 73645 227
73625 73658 270
73650 73659 25
73662 73706 191
73664 73687 100
73686 73690 36
73703 73746 216
73707 73755 59
73724 73772 256
73724 73756 243
73742 73784 126
73757 73770 235
73766 73789 42
73783 73833 144
73787 73814 47
73797 73801 34
73807 73815 153
73826 73838 37
73855 73901 167
73875 73895 211
73892 73923 265
73897 73940 152
73898 73924 134
73907 73952 273
73936 73979 124
73965 73987 223
73982 74025 43
73988 73990 10
74007 74043 296
74009 74026 172
74015 74037 91
74029 74037 22
74042 74068 125
74057 74086 186
74085 74117 78
74108 74132 25
74123 74160 75
74150 74191 259
74167 74173 210
74171 74176 222
74189 74208 177
74203 74251 26
74210 74256 128
74232 74278 109
74238 74259 62
74251 74297 131
74273 74308 181
74274 74315 83
74296 74318 175
74315 74360 202
74328 74356 154
74357 74391 83
74368 74379 129
74378 74386 251
74388 74435 225
74392 74441 9
74399 74422 73
74419 74432 96
74449 74471 116
74465 74484 184
74480 74499 273
74498 74525 18
74510 74553 19
74519 74552 242
74544 74564 265
74544 74563 55
74556 74567 144
74573 74623 203
74592 74625 33
74609 74625 35
74613 74626 170
74627 74668 237
74635 74657 163
74662 74703 47
74682 74717 124
74686 74718 244
74688 74737 239
74704 74751 73
74717 74754 34
74725 74741 183
74755 74778 108
74782 74824 106
74790 74803 85
74802 74843 87
74820 74841 139
74834 74854 256
74842 74861 187
74870 74919 196
74886 74911 9
74914 74952 218
74922 74931 296
74923 74944 185
74939 74968 200
74955 74964 178
