5000
15 36 293
35 59 194
61 84 123
80 109 7
101 128 225
125 138 183
126 145 139
142 175 61
149 190 262
167 210 25
193 236 113
207 230 102
208 238 213
208 210 152
228 275 216
233 236 241
253 284 4
276 287 260
277 322 280
307 331 133
316 360 127
338 378 176
343 367 74
358 404 190
362 385 188
382 386 43
399 429 136
408 444 188
436 448 55
451 456 169
458 499 244
470 494 52
492 514 83
503 525 95
528 557 254
555 566 100
559 582 233
587 624 120
606 634 97
635 663 195
657 690 187
668 671 42
684 718 101
697 710 4
714 724 48
737 766 172
756 765 1
767 785 29
773 822 25
781 794 129
807 840 59
831 861 132
841 844 41
858 883 262
864 870 123
869 885 30
882 889 195
888 914 138
896 924 150
906 954 5
911 923 118
915 921 40
944 975 147
957 969 283
958 986 23
978 998 110
1003 1044 193
1020 1028 218
1028 1073 136
1037 1056 211
1061 1074 8
1079 1095 286
1100 1106 109
1122 1136 197
1131 1161 119
1136 1179 274
1158 1168 4
1160 1163 178
1160 1169 133
1166 1202 101
1183 1229 140
1206 1227 251
1220 1252 67
1249 1261 58
1253 1260 169
1260 1307 200
1265 1308 118
1267 1306 135
1295 1322 187
1296 1342 272
1322 1334 91
1324 1353 175
1339 1345 265
1355 1378 182
1370 1382 178
1375 1421 14
1385 1386 118
1405 1410 55
1419 1465 34
1424 1452 198
1430 1436 100
1450 1470 79
1474 1521 85
1502 1539 60
1516 1537 87
1531 1559 118
1557 1593 157
1587 1637 205
1609 1640 108
1626 1667 282
1647 1683 129
1673 1711 224
1690 1736 186
1719 1763 251
1743 1744 175
1769 1814 269
1774 1814 5
1778 1795 59
1796 1803 45
1804 1826 187
1833 1842 248
1853 1889 244
1880 1930 297
1892 1918 223
1918 1940 80
1939 1947 253
1956 1992 183
1986 2000 204
2005 2044 95
2015 2042 171
2037 2054 122
2048 2086 181
2050 2099 240
2072 2122 42
2077 2084 31
2096 2107 183
2098 2112 165
2114 2134 122
2126 2161 154
2136 2186 147
2158 2181 35
2188 2195 297
2192 2237 105
2214 2258 98
2230 2260 186
2258 2293 284
2264 2299 70
2287 2307 218
2288 2317 126
2294 2307 286
2304 2354 283
2326 2354 72
2350 2400 288
2372 2421 7
2383 2406 40
2403 2430 296
2426 2469 81
2426 2473 56
2428 2431 45
2449 2486 61
2459 2495 73
2488 2532 237
2502 2536 154
2528 2574 73
2533 2555 181
2562 2576 204
2574 2581 40
2575 2596 4
2600 2642 147
2614 2648 112
2619 2631 239
2634 2641 23
2644 2656 86
2669 2671 189
2689 2736 119
2708 2712 59
2730 2768 15
2746 2769 41
2755 2771 299
2768 2797 66
2789 2808 146
2806 2850 14
2826 2840 176
2848 2890 294
2875 2912 238
2898 2934 14
2919 2935 62
2942 2965 175
2958 2983 43
2976 2980 270
2977 3010 281
2978 2984 27
2989 3014 79
3015 3041 257
3041 3052 239
3071 3114 37
3072 3076 296
3092 3114 286
3101 3114 105
3103 3138 29
3121 3139 115
3147 3197 32
3151 3173 63
3158 3178 68
3185 3235 117
3186 3221 274
3208 3235 269
3216 3250 207
3243 3286 82
3248 3251 13
3249 3279 244
3273 3281 46
3283 3287 265
3293 3304 56
3320 3345 148
3336 3376 258
3351 3380 58
3378 3426 100
3387 3394 173
3417 3456 137
3443 3488 213
3459 3467 259
3470 3488 224
3478 3518 36
3483 3533 3
3504 3530 200
3524 3552 106
3533 3544 208
3538 3552 218
3549 3590 285
3562 3569 26
3581 3621 178
3588 3634 181
3589 3639 179
3600 3643 69
3620 3651 174
3650 3696 263
3664 3670 253
3668 3705 13
3678 3692 226
3692 3736 64
3715 3731 236
3720 3770 290
3735 3746 115
3756 3776 191
3786 3796 225
3811 3855 73
3819 3832 11
3830 3844 212
3837 3841 102
3839 3854 30
3840 3888 63
3868 3911 278
3868 3870 147
3898 3926 94
3904 3944 134
3922 3942 81
3947 3985 289
3977 3988 80
3994 4027 149
4012 4033 244
4021 4040 188
4039 4086 30
4043 4072 253
4063 4071 65
4075 4093 144
4093 4111 104
4114 4120 296
4125 4163 125
4141 4189 248
4156 4181 85
4179 4186 103
4184 4227 96
4212 4226 163
4241 4286 237
4262 4281 7
4272 4307 28
4287 4292 130
4289 4308 131
4317 4367 189
4335 4383 170
4342 4360 112
4354 4392 66
4371 4407 235
4394 4403 219
4410 4449 48
4430 4469 4
4446 4449 119
4448 4458 14
4463 4488 108
4468 4512 297
4479 4484 96
4479 4524 198
4487 4490 136
4487 4517 24
4494 4526 167
4517 4562 271
4523 4560 131
4543 4573 4
4565 4601 36
4581 4618 81
4590 4626 140
4606 4655 249
4607 4608 72
4628 4634 92
4640 4650 120
4661 4672 281
4669 4699 265
4698 4724 216
4720 4747 158
4723 4765 5
4723 4745 137
4737 4783 149
4741 4752 217
4760 4799 116
4776 4818 131
4788 4834 101
4792 4824 251
4820 4865 33
4834 4862 265
4854 4892 61
4855 4890 289
4857 4900 162
4869 4903 287
4873 4910 230
4882 4897 236
4883 4894 72
4894 4925 141
4908 4945 196
4937 4947 212
4939 4989 129
4939 4984 222
4947 4990 272
4958 4967 43
4985 5009 276
4990 5038 189
5015 5062 171
5024 5053 212
5045 5061 283
5064 5084 174
5076 5116 266
5106 5116 98
5131 5155 135
5156 5167 163
5186 5228 189
5207 5230 61
5231 5278 162
5240 5262 184
5249 5278 34
5269 5285 84
5275 5297 197
5291 5319 282
5291 5292 47
5311 5347 264
5320 5364 23
5331 5365 173
5358 5374 179
5383 5396 275
5394 5418 17
5420 5428 159
5434 5481 30
5436 5482 26
5463 5469 31
5474 5515 220
5482 5491 115
5484 5489 59
5492 5535 20
5500 5517 121
5504 5525 86
5507 5540 272
5520 5552 284
5529 5553 168
5541 5580 150
5566 5611 152
5595 5639 83
5619 5646 251
5625 5644 120
5646 5693 197
5670 5712 23
5673 5682 288
5680 5716 54
5710 5760 242
5718 5732 241
5744 5755 172
5774 5815 99
5798 5806 113
5807 5813 244
5810 5838 71
5832 5862 264
5860 5874 190
5862 5872 85
5891 5893 140
5900 5901 22
5919 5965 191
5932 5943 172
5947 5969 159
5968 6006 168
5972 5990 16
6000 6026 51
6025 6039 217
6034 6076 21
6049 6094 200
6049 6073 282
6065 6066 141
6075 6109 219
6099 6107 161
6113 6127 125
6113 6152 93
6141 6173 231
6165 6181 10
6190 6219 69
6218 6221 177
6221 6243 152
6250 6293 139
6266 6283 171
6294 6338 83
6319 6344 151
6325 6350 173
6342 6365 75
6369 6391 269
6398 6448 288
6421 6436 172
6426 6471 224
6446 6476 165
6471 6517 270
6480 6499 124
6496 6502 117
6520 6529 167
6533 6572 209
6544 6591 177
6561 6585 263
6567 6578 248
6569 6616 207
6598 6631 194
6603 6647 256
6623 6633 265
6653 6669 19
6669 6715 46
6686 6724 227
6712 6753 69
6735 6746 201
6736 6786 170
6747 6792 137
6762 6771 175
6779 6792 162
6801 6810 260
6806 6822 24
6834 6850 94
6842 6884 95
6861 6872 20
6876 6897 201
6897 6911 51
6922 6960 154
6931 6963 46
6958 6977 230
6976 7014 289
7006 7030 177
7016 7034 153
7022 7035 91
7040 7076 208
7045 7074 228
7068 7083 176
7079 7106 112
7081 7118 172
7096 7120 197
7104 7138 98
7113 7158 149
7127 7141 64
7142 7160 151
7166 7204 206
7168 7204 163
7195 7202 268
7203 7248 298
7208 7239 219
7219 7252 244
7237 7260 273
7245 7286 31
7260 7304 274
7266 7313 292
7279 7323 264
7296 7339 215
7326 7335 174
7340 7358 291
7343 7378 120
7350 7357 145
7368 7386 69
7387 7434 180
7404 7440 140
7420 7436 240
7428 7431 228
7443 7453 31
7446 7477 247
7451 7456 130
7478 7516 161
7490 7527 20
7490 7515 289
7496 7515 155
7526 7567 132
7533 7575 150
7542 7582 186
7555 7594 299
7571 7585 55
7590 7638 19
7594 7638 25
7621 7663 174
7630 7671 238
7659 7663 169
7665 7702 215
7671 7706 37
7697 7729 180
7718 7762 184
7725 7762 91
7752 7760 280
7769 7796 57
7793 7830 62
7804 7829 253
7828 7851 248
7828 7872 267
7838 7871 283
7838 7855 68
7861 7908 128
7881 7898 62
7901 7923 292
7931 7953 94
7947 7973 183
7954 7989 177
7973 7979 192
7983 8033 41
7994 8030 78
8009 8017 206
8030 8047 216
8035 8052 234
8051 8090 178
8065 8081 24
8078 8093 200
8106 8131 99
8123 8164 77
8126 8139 105
8148 8184 133
8163 8198 86
8167 8189 219
8179 8209 19
8209 8253 90
8233 8283 11
8244 8254 164
8252 8281 169
8267 8308 154
8284 8334 120
8311 8356 285
8328 8358 174
8351 8400 141
8361 8384 287
8383 8402 155
8408 8419 144
8417 8430 78
8427 8460 73
8455 8459 105
8481 8509 161
8506 8517 24
8534 8570 151
8537 8559 255
8548 8594 6
8550 8590 81
8577 8618 244
8604 8648 61
8627 8639 268
8639 8647 241
8645 8685 63
8645 8662 179
8651 8679 258
8674 8700 112
8695 8698 128
8716 8727 23
8743 8767 118
8754 8797 235
8774 8816 37
8778 8826 7
8807 8844 185
8814 8832 104
8842 8873 31
8868 8872 55
8887 8927 28
8894 8914 17
8908 8950 299
8921 8970 181
8948 8976 149
8958 8969 36
8963 9009 239
8972 8977 224
8998 9048 93
9006 9031 107
9015 9053 17
9033 9050 278
9059 9084 282
9069 9106 298
9087 9106 259
9102 9108 128
9111 9155 136
9118 9161 38
9130 9144 226
9142 9187 140
9159 9198 49
9185 9206 5
9205 9214 41
9205 9237 185
9230 9253 136
9231 9248 262
9254 9286 292
9263 9285 114
9275 9284 54
9288 9333 231
9308 9341 155
9329 9379 213
9336 9351 242
9341 9358 125
9341 9379 252
9347 9377 164
9366 9393 291
9369 9407 43
9369 9408 293
9376 9417 282
9405 9440 209
9410 9438 105
9418 9432 158
9447 9479 63
9461 9483 54
9487 9492 114
9507 9557 273
9514 9526 69
9535 9553 37
9558 9606 232
9558 9592 88
9563 9564 260
9566 9600 193
9568 9570 67
9570 9608 112
9579 9597 183
9609 9614 145
9617 9634 101
9641 9645 270
9655 9698 69
9674 9681 176
9685 9727 288
9693 9699 88
9723 9735 268
9751 9786 76
9781 9795 156
9794 9815 68
9803 9806 291
9827 9836 252
9834 9847 224
9837 9885 36
9857 9860 257
9870 9873 101
9873 9920 150
9877 9883 104
9893 9927 106
9923 9955 10
9929 9933 120
9929 9936 4
9937 9951 80
9951 9999 146
9963 10000 90
9988 10020 152
9999 10042 215
10002 10042 163
10028 10040 273
10052 10068 238
10076 10103 27
10100 10107 266
10115 10163 32
10140 10150 6
10161 10183 144
10162 10170 68
10192 10210 71
10202 10222 19
10212 10247 274
10213 10250 191
10213 10236 136
10215 10259 18
10216 10248 161
10232 10264 172
10239 10286 272
10260 10276 185
10282 10285 125
10305 10314 234
10332 10340 140
10352 10354 219
10370 10373 252
10393 10415 254
10396 10411 239
10415 10442 217
10423 10457 232
10423 10432 138
10425 10462 165
10443 10471 238
10469 10513 16
10498 10535 4
10509 10545 47
10513 10517 141
10537 10555 73
10558 10592 100
10582 10584 226
10603 10635 79
10618 10637 214
10627 10656 246
10637 10644 62
10658 10672 280
10672 10718 292
10681 10702 256
10690 10701 149
10715 10723 193
10720 10726 80
10746 10796 232
10775 10779 172
10800 10804 148
10819 10831 38
10841 10889 229
10871 10890 3
10895 10926 158
10903 10950 96
10920 10968 220
10936 10950 214
10963 10973 139
10969 10985 242
10998 11029 209
11007 11036 90
11035 11045 31
11044 11059 10
11064 11110 21
11089 11113 240
11091 11118 193
11119 11157 268
11129 11172 259
11156 11182 1
11161 11197 249
11167 11185 66
11177 11194 100
11198 11202 153
11225 11251 11
11246 11254 143
11272 11283 290
11301 11318 294
11313 11337 253
11314 11324 82
11314 11364 207
11314 11330 48
11340 11366 53
11366 11388 230
11366 11371 33
11367 11402 193
11396 11401 136
11422 11442 227
11442 11464 53
11450 11499 240
11477 11507 204
11497 11518 267
11500 11503 125
11515 11528 291
11527 11536 269
11553 11555 296
11575 11619 139
11590 11640 44
11619 11664 188
11640 11688 158
11646 11671 115
11673 11698 110
11701 11750 117
11720 11749 133
11727 11745 285
11727 11729 208
11739 11753 216
11742 11764 207
11754 11788 215
11771 11776 50
11800 11819 229
11815 11861 138
11819 11857 32
11831 11835 70
11860 11886 173
11882 11921 8
11893 11901 173
11898 11901 158
11928 11968 79
11946 11983 219
11950 11978 144
11956 11959 146
11961 11996 43
11964 11984 192
11990 12003 107
11998 12023 71
12027 12049 44
12054 12055 150
12055 12097 95
12062 12069 53
12066 12075 98
12073 12089 241
12081 12101 12
12095 12145 213
12119 12137 42
12133 12148 174
12163 12210 226
12171 12217 289
12192 12211 223
12217 12256 271
12238 12251 254
12258 12274 153
12285 12304 56
12286 12321 176
12304 12354 138
12329 12356 89
12341 12357 204
12365 12401 255
12372 12409 75
12391 12402 120
12400 12437 12
12428 12469 103
12443 12451 60
12456 12463 172
12469 12505 225
12477 12515 281
12507 12557 52
12520 12559 297
12535 12571 167
12543 12589 232
12554 12564 298
12558 12581 242
12569 12609 29
12599 12639 289
12621 12663 268
12628 12641 238
12629 12646 253
12658 12680 180
12660 12675 263
12686 12699 171
12691 12697 131
12716 12729 165
12731 12778 70
12749 12790 285
12759 12772 24
12759 12797 17
12780 12804 118
12783 12800 272
12795 12821 190
12819 12831 116
12847 12862 233
12855 12903 247
12862 12898 177
12883 12890 71
12895 12896 121
12911 12935 74
12912 12919 116
12922 12963 144
12939 12979 261
12940 12969 199
12952 12954 195
12977 13026 10
13004 13013 266
13018 13038 153
13028 13048 33
13047 13069 64
13048 13094 111
13061 13070 142
13062 13070 31
13076 13108 168
13077 13122 41
13095 13101 277
13106 13152 133
13122 13165 31
13146 13164 153
13153 13188 176
13154 13168 248
13181 13207 268
13210 13245 161
13220 13255 251
13234 13283 240
13260 13273 73
13277 13313 70
13290 13300 223
13305 13329 19
13308 13309 89
13336 13342 102
13345 13388 33
13372 13400 102
13377 13407 160
13397 13429 212
13420 13431 198
13425 13455 75
13453 13482 84
13459 13470 164
13476 13490 74
13492 13533 38
13515 13559 161
13519 13520 291
13541 13566 143
13552 13560 273
13565 13614 41
13572 13611 196
13585 13594 163
13596 13602 85
13618 13619 255
13619 13647 211
13620 13650 288
13632 13682 245
13662 13695 179
13688 13731 53
13706 13724 36
13711 13748 3
13718 13724 38
13743 13768 204
13770 13820 81
13791 13793 81
13806 13845 271
13826 13862 147
13829 13853 72
13837 13870 56
13865 13905 131
13872 13920 273
13887 13924 228
13901 13910 156
13918 13932 81
13941 13977 259
13957 14005 108
13972 14012 107
13997 14037 103
13997 14037 6
14024 14029 104
14040 14057 24
14070 14079 289
14082 14097 7
14087 14115 91
14092 14139 132
14096 14109 81
14122 14143 67
14128 14140 71
14154 14175 242
14178 14200 146
14205 14214 103
14227 14230 242
14252 14275 125
14252 14289 171
14272 14284 246
14282 14310 34
14310 14349 63
14320 14329 232
14344 14393 44
14359 14376 51
14365 14382 108
14388 14428 159
14409 14444 173
14432 14454 13
14448 14488 258
14458 14460 17
14477 14504 102
14486 14516 128
14486 14527 88
14508 14536 53
14514 14543 125
14537 14575 165
14538 14551 163
14542 14547 97
14544 14581 18
14560 14592 192
14564 14579 45
14593 14619 32
14620 14656 128
14650 14659 281
14665 14667 36
14691 14739 255
14691 14705 257
14695 14717 293
14717 14739 157
14734 14736 135
14751 14755 47
14772 14814 2
14790 14798 55
14820 14830 30
14824 14838 95
14839 14881 108
14865 14871 232
14892 14917 243
14905 14940 270
14920 14934 292
14931 14971 276
14953 14992 110
14981 15021 35
15008 15031 98
15033 15082 101
15060 15107 122
15080 15094 42
15090 15109 17
15093 15121 23
15113 15119 144
15140 15155 227
15148 15197 184
15155 15163 277
15184 15216 166
15198 15209 275
15199 15219 154
15211 15242 202
15217 15265 210
15229 15236 215
15233 15278 212
15259 15285 292
15278 15322 81
15292 15310 166
15302 15350 286
15317 15347 200
15341 15382 213
15365 15386 99
15391 15420 232
15409 15446 146
15421 15447 216
15424 15472 238
15424 15430 189
15446 15452 280
15460 15474 174
15488 15490 79
15495 15527 255
15524 15544 143
15540 15567 122
15545 15578 28
15547 15575 67
15553 15568 243
15570 15593 235
15590 15591 195
15598 15648 178
15612 15626 22
15631 15666 231
15658 15659 197
15680 15687 150
15693 15734 13
15723 15768 292
15742 15788 280
15758 15808 145
15765 15813 108
15795 15801 102
15813 15828 6
15817 15819 190
15845 15875 10
15850 15853 286
15861 15907 37
15883 15912 247
15910 15933 117
15937 15969 144
15958 15999 262
15981 16000 197
15982 16017 180
16009 16036 98
16031 16070 216
16043 16068 133
16053 16103 108
16073 16115 76
16077 16125 153
16094 16122 47
16105 16107 227
16135 16159 298
16163 16196 234
16182 16208 211
16195 16241 17
16219 16254 70
16236 16251 278
16240 16263 179
16268 16270 292
16277 16310 17
16295 16324 91
16320 16336 124
16323 16328 54
16339 16382 190
16365 16374 8
16370 16419 177
16383 16410 243
16412 16453 259
16420 16456 103
16430 16444 98
16456 16503 38
16466 16508 81
16478 16502 37
16478 16514 42
16508 16546 234
16531 16575 199
16552 16563 139
16552 16570 72
16567 16569 151
16592 16615 30
16607 16637 117
16636 16637 199
16666 16713 293
16694 16725 68
16700 16716 82
16708 16739 299
16737 16778 236
16737 16743 39
16742 16770 285
16748 16773 94
16761 16807 216
16791 16806 174
16804 16814 269
16833 16873 233
16854 16886 119
16861 16903 106
16870 16884 215
16894 16943 188
16895 16933 98
16898 16911 266
16908 16946 102
16908 16909 75
16910 16925 250
16920 16921 265
16944 16949 121
16964 16987 253
16970 17009 154
16972 17009 288
16990 17032 20
16998 17038 57
17015 17033 258
17032 17073 14
17056 17086 282
17079 17106 167
17086 17125 280
17115 17124 169
17131 17163 42
17139 17168 11
17142 17187 43
17163 17198 105
17166 17195 132
17172 17204 131
17174 17203 155
17204 17253 192
17226 17249 262
17253 17278 124
17265 17313 147
17281 17325 250
17294 17298 112
17297 17319 132
17305 17311 152
17313 17338 280
17320 17364 233
17346 17386 64
17351 17392 162
17372 17409 188
17396 17403 252
17416 17431 224
17418 17452 123
17431 17448 19
17459 17462 253
17470 17494 264
17492 17528 286
17510 17554 122
17512 17536 156
17517 17552 225
17522 17535 206
17548 17580 285
17556 17593 217
17568 17574 165
17571 17590 255
17594 17630 250
17621 17658 286
17625 17668 76
17638 17675 46
17667 17676 70
17692 17737 14
17708 17710 276
17722 17740 261
17730 17755 22
17732 17757 9
17733 17772 229
17746 17785 163
17765 17797 155
17778 17812 126
17805 17810 69
17828 17855 185
17837 17866 216
17862 17908 247
17889 17932 105
17914 17951 87
17941 17968 258
17964 17989 198
17979 17996 4
17994 18002 113
18003 18006 33
18028 18055 190
18033 18079 205
18036 18052 88
18045 18083 65
18072 18107 51
18077 18087 174
18097 18131 6
18109 18137 169
18113 18155 101
18125 18156 104
18154 18170 203
18180 18183 196
18198 18208 143
18201 18230 124
18212 18224 152
18229 18235 48
18252 18278 283
18260 18284 207
18263 18308 209
18274 18287 289
18287 18315 226
18309 18311 145
18331 18355 120
18361 18399 115
18386 18391 70
18388 18428 272
18408 18444 163
18416 18418 194
18424 18456 250
18454 18462 47
18461 18497 68
18483 18495 236
18484 18522 172
18499 18543 15
18511 18529 138
18522 18530 180
18551 18582 255
18573 18599 54
18574 18580 234
18585 18619 55
18590 18626 87
18590 18602 16
18608 18615 195
18611 18626 139
18612 18617 203
18629 18647 56
18645 18672 296
18657 18698 199
18670 18683 129
18687 18712 3
18707 18733 269
18714 18724 116
18724 18751 88
18746 18756 55
18757 18795 110
18783 18831 237
18810 18821 3
18824 18839 265
18835 18856 241
18857 18863 211
18860 18886 96
18867 18901 40
18870 18912 224
18897 18934 257
18911 18921 91
18922 18957 155
18940 18946 124
18960 18982 49
18989 19037 204
19011 19033 220
19012 19039 113
19023 19039 17
19028 19064 226
19038 19050 241
19054 19098 87
19058 19087 298
19084 19089 221
19105 19140 161
19117 19149 105
19143 19160 261
19172 19207 67
19193 19228 139
19219 19253 153
19240 19254 174
19250 19297 214
19266 19310 219
19270 19313 113
19300 19349 227
19325 19347 123
19333 19345 16
19342 19359 255
19343 19388 180
19367 19408 52
19393 19426 226
19421 19463 103
19434 19439 228
19457 19507 137
19484 19500 90
19492 19507 45
19522 19567 96
19551 19593 95
19574 19583 278
19591 19599 53
19603 19632 22
19617 19626 20
19638 19639 25
19640 19652 160
19655 19699 173
19674 19684 53
19702 19704 136
19731 19743 280
19745 19791 147
19755 19768 99
19779 19784 255
19790 19809 239
19794 19818 202
19817 19820 184
19822 19848 8
19826 19875 149
19839 19878 289
19859 19890 277
19884 19903 101
19897 19918 242
19926 19975 238
19928 19972 262
19954 19997 254
19972 19996 111
19997 20039 284
20024 20046 296
20048 20073 238
20068 20115 243
20075 20116 29
20083 20089 68
20093 20143 177
20115 20162 269
20133 20154 147
20149 20162 50
20165 20186 218
20167 20198 178
20189 20193 268
20207 20227 150
20223 20230 181
20248 20286 106
20249 20266 98
20252 20286 53
20256 20273 137
20261 20285 181
20268 20286 285
20290 20328 220
20295 20304 99
20321 20323 95
20351 20363 33
20368 20376 7
20397 20434 116
20410 20424 276
20434 20461 151
20438 20452 268
20446 20469 47
20472 20510 172
20489 20518 273
20499 20501 233
20513 20559 2
20540 20567 107
20547 20580 92
20566 20611 105
20570 20617 239
20578 20604 25
20587 20615 294
20600 20645 274
20605 20632 226
20635 20655 187
20638 20669 238
20659 20661 42
20659 20700 121
20664 20693 178
20675 20699 117
20692 20703 193
20693 20696 158
20702 20732 124
20709 20710 31
20717 20744 226
20721 20739 291
20748 20755 223
20768 20777 172
20797 20832 174
20826 20844 198
20848 20856 248
20871 20893 25
20879 20881 242
20890 20908 246
20898 20900 21
20917 20920 93
20946 20968 77
20949 20968 170
20979 21022 93
20985 21034 144
20992 21004 11
21020 21054 73
21037 21056 77
21064 21082 173
21087 21123 287
21112 21119 46
21112 21149 135
21121 21161 103
21146 21148 197
21171 21208 239
21199 21247 271
21222 21249 230
21250 21285 8
21279 21294 73
21294 21339 223
21298 21337 37
21303 21323 236
21321 21353 60
21341 21359 62
21344 21345 230
21368 21391 217
21372 21377 184
21389 21422 53
21406 21456 102
21434 21436 5
21441 21455 204
21460 21485 250
21465 21513 222
21493 21529 2
21511 21536 117
21532 21549 68
21533 21574 171
21554 21592 275
21580 21598 249
21605 21644 235
21629 21646 225
21648 21675 20
21674 21718 84
21684 21706 177
21698 21712 245
21728 21766 134
21742 21775 252
21748 21752 38
21749 21772 14
21772 21776 181
21772 21777 133
21773 21810 215
21802 21816 177
21811 21813 171
21829 21877 268
21849 21897 115
21862 21887 283
21890 21916 67
21893 21896 156
21918 21952 160
21931 21971 235
21935 21977 48
21947 21949 244
21970 21978 152
21982 22029 248
22007 22036 103
22022 22051 2
22026 22052 52
22046 22084 189
22048 22049 52
22078 22084 44
22097 22130 117
22102 22139 123
22112 22148 262
22125 22154 139
22149 22165 137
22163 22207 11
22164 22191 109
22173 22183 198
22180 22224 52
22207 22212 9
22232 22246 80
22254 22263 33
22277 22284 103
22291 22322 65
22297 22326 279
22318 22335 247
22341 22376 151
22354 22378 160
22382 22383 16
22393 22437 118
22413 22446 109
22441 22468 292
22453 22499 285
22475 22501 56
22483 22514 95
22509 22510 115
22533 22542 64
22539 22548 63
22550 22575 146
22552 22555 229
22564 22614 17
22593 22599 88
22593 22625 263
22600 22625 109
22611 22644 60
22636 22648 229
22658 22667 154
22671 22716 93
22689 22735 222
22716 22737 88
22732 22736 199
22746 22747 220
22750 22799 267
22775 22822 137
22800 22805 293
22806 22843 166
22806 22851 163
22831 22836 42
22840 22855 288
22862 22888 61
22886 22925 271
22892 22929 125
22908 22938 91
22917 22955 22
22935 22981 248
22961 22990 167
22982 23015 8
23004 23015 65
23004 23031 131
23011 23053 238
23018 23068 78
23029 23068 36
23037 23065 4
23051 23100 287
23060 23095 202
23077 23083 65
23080 23111 49
23084 23097 61
23108 23136 98
23124 23166 43
23130 23152 191
23157 23206 296
23175 23200 157
23195 23198 140
23204 23225 95
23217 23243 275
23220 23246 92
23249 23269 18
23253 23292 250
23274 23316 150
23279 23284 69
23300 23302 91
23311 23335 43
23313 23340 203
23328 23371 23
23341 23342 157
23368 23373 298
23395 23443 184
23414 23449 70
23435 23448 176
23448 23463 240
23450 23452 30
23460 23505 16
23480 23507 189
23494 23502 123
23519 23566 220
23525 23527 119
23536 23543 132
23550 23599 163
23551 23555 220
23566 23580 222
23566 23594 139
23579 23599 275
23597 23622 124
23609 23638 233
23625 23636 122
23635 23667 286
23652 23661 172
23677 23715 54
23683 23724 82
23683 23709 41
23693 23741 244
23706 23736 282
23730 23758 48
23735 23778 85
23763 23767 2
23772 23802 235
23790 23823 183
23813 23827 296
23824 23830 41
23850 23864 285
23859 23878 203
23871 23879 151
23892 23925 239
23911 23918 150
23932 23971 249
23942 23977 135
23966 23980 113
23980 24006 187
24001 24049 20
24014 24026 189
24017 24056 226
24047 24086 192
24076 24097 220
24085 24090 250
24099 24149 237
24120 24153 137
24131 24169 163
24150 24151 168
24177 24181 15
24188 24231 113
24206 24239 17
24230 24269 253
24245 24270 300
24262 24267 69
24288 24294 151
24308 24357 107
24321 24365 60
24348 24366 227
24361 24405 65
24378 24406 299
24391 24412 108
24392 24436 45
24409 24449 109
24414 24457 219
24434 24452 267
24464 24509 112
24482 24526 131
24505 24530 16
24522 24572 53
24539 24573 33
24553 24562 118
24574 24579 252
24599 24633 206
24621 24654 251
24626 24647 22
24638 24666 258
24657 24661 96
24683 24715 231
24695 24729 266
24695 24741 282
24720 24732 272
24742 24776 58
24762 24784 27
24768 24774 273
24776 24810 224
24776 24786 139
24783 24807 221
24790 24832 208
24796 24810 233
24805 24832 97
24821 24869 259
24851 24884 168
24879 24901 15
24885 24906 291
24904 24923 180
24910 24958 131
24940 24950 219
24943 24947 129
24956 24992 60
24969 24972 253
24978 24979 250
25003 25053 287
25016 25050 180
25033 25047 128
25048 25054 39
25066 25079 157
25087 25090 57
25099 25137 192
25122 25133 56
25139 25157 49
25146 25164 269
25157 25180 233
25158 25205 236
25161 25172 16
25170 25200 291
25179 25227 161
25202 25215 239
25214 25216 219
25241 25262 213
25253 25265 144
25262 25296 4
25285 25326 294
25309 25322 109
25314 25333 186
25340 25369 83
25368 25372 195
25368 25404 19
25397 25442 168
25426 25427 45
25432 25479 178
25440 25488 134
25456 25469 272
25472 25503 285
25486 25515 182
25498 25538 103
25508 25530 107
25518 25539 259
25542 25575 69
25563 25598 16
25578 25602 212
25593 25613 154
25611 25633 87
25631 25680 264
25658 25665 130
25673 25723 86
25678 25720 238
25695 25732 206
25709 25748 288
25710 25760 14
25729 25731 285
25759 25790 104
25780 25781 143
25810 25844 113
25811 25821 294
25837 25880 171
25859 25886 134
25881 25883 198
25904 25942 270
25926 25976 248
25953 25974 286
25967 25997 92
25970 25984 159
25999 26010 211
26017 26022 230
26033 26061 230
26035 26045 35
26051 26097 12
26075 26116 286
26094 26121 218
26105 26127 66
26128 26150 57
26151 26165 171
26163 26167 147
26192 26225 283
26216 26240 114
26220 26227 19
26223 26233 39
26231 26241 95
26246 26253 146
26272 26302 281
26297 26301 213
26318 26363 182
26329 26373 246
26354 26365 257
26361 26374 258
26375 26405 266
26393 26407 57
26413 26415 116
26416 26457 155
26440 26470 298
26460 26472 287
26484 26518 122
26501 26531 285
26523 26545 35
26544 26591 243
26553 26562 275
26556 26584 114
26557 26597 138
26566 26587 111
26577 26620 296
26578 26626 125
26582 26615 38
26586 26588 52
26607 26657 276
26619 26669 120
26626 26644 89
26626 26666 30
26633 26649 234
26643 26649 108
26660 26661 244
26688 26701 19
26704 26730 102
26729 26748 272
26755 26787 3
26763 26770 196
26788 26821 33
26805 26847 234
26810 26833 142
26818 26863 160
26846 26861 9
26852 26901 284
26876 26888 58
26880 26903 281
26890 26936 294
26920 26935 177
26938 26965 128
26944 26951 37
26948 26982 31
26960 26987 156
26961 27011 218
26963 26970 126
26993 27013 254
27015 27064 205
27026 27030 163
27026 27047 252
27051 27076 105
27052 27081 184
27068 27077 39
27084 27124 259
27091 27122 92
27104 27142 17
27109 27156 38
27120 27121 172
27137 27171 68
27147 27158 21
27172 27202 106
27193 27235 271
27215 27250 126
27244 27293 60
27265 27292 146
27291 27322 24
27319 27320 92
27326 27351 292
27338 27376 7
27362 27403 288
27387 27433 158
27391 27419 198
27392 27417 297
27400 27439 294
27414 27461 16
27432 27466 50
27454 27501 122
27478 27503 8
27481 27514 190
27485 27491 88
27515 27558 119
27528 27551 85
27543 27581 168
27558 27563 101
27560 27573 263
27587 27624 21
27612 27614 229
27630 27641 100
27642 27649 135
27647 27689 91
27648 27669 161
27675 27697 219
27676 27696 90
27690 27692 75
27698 27718 274
27719 27755 279
27727 27756 70
27749 27780 52
27755 27761 151
27776 27778 263
27804 27834 145
27805 27818 96
27811 27820 288
27830 27868 211
27858 27864 61
27883 27890 137
27890 27932 88
27911 27935 196
27934 27947 196
27962 28012 172
27976 28004 231
27999 28012 241
28014 28049 192
28036 28048 162
28064 28067 144
28071 28105 109
28073 28090 53
28103 28140 160
28110 28155 56
28131 28164 91
28154 28155 205
28167 28202 197
28170 28185 268
28177 28204 83
28205 28240 227
28232 28249 237
28253 28288 243
28263 28277 211
28276 28286 51
28297 28325 188
28305 28320 55
28324 28368 246
28345 28387 35
28350 28352 227
28380 28398 266
28384 28386 16
28393 28441 196
28414 28432 218
28424 28435 38
28445 28482 124
28471 28489 138
28499 28548 33
28517 28558 137
28533 28539 66
28538 28585 94
28566 28602 297
28573 28607 212
28582 28590 6
28583 28605 94
28584 28601 155
28594 28625 120
28614 28637 226
28636 28663 86
28653 28678 131
28672 28696 7
28672 28697 11
28674 28713 151
28699 28702 233
28712 28742 197
28730 28768 239
28745 28751 33
28748 28767 113
28758 28791 130
28768 28793 91
28768 28813 42
28790 28816 93
28793 28797 34
28823 28852 108
28837 28883 157
28864 28898 90
28864 28883 88
28877 28884 173
28886 28900 107
28914 28923 152
28934 28955 268
28943 28992 154
28962 29000 137
28964 29005 41
28985 29015 298
29008 29052 156
29034 29081 195
29045 29060 67
29050 29053 161
29066 29103 181
29073 29112 223
29093 29135 152
29103 29150 178
29126 29139 189
29126 29155 191
29154 29189 108
29158 29162 296
29160 29185 217
29165 29213 279
29191 29221 163
29215 29265 106
29229 29250 299
29247 29272 191
29257 29261 299
29273 29280 287
29301 29326 143
29307 29320 144
29335 29368 18
29349 29382 58
29363 29413 234
29384 29385 204
29402 29423 162
29424 29451 52
29444 29466 126
29454 29471 217
29458 29459 46
29469 29511 216
29498 29527 41
29519 29530 55
29529 29575 114
29533 29561 271
29549 29569 94
29563 29587 24
29593 29639 116
29609 29645 15
29611 29614 104
29636 29655 102
29642 29687 62
29659 29688 131
29664 29705 238
29682 29711 228
29696 29726 125
29710 29745 269
29726 29749 6
29732 29752 104
29740 29766 130
29744 29792 257
29770 29781 85
29787 29796 74
29804 29810 261
29818 29865 286
29831 29866 296
29847 29855 283
29860 29872 258
29870 29881 118
29897 29938 85
29924 29944 158
29941 29979 139
29951 29964 158
29961 29986 127
29986 30015 184
30005 30046 250
30020 30026 24
30041 30051 280
30057 30072 255
30074 30088 242
30102 30134 224
30102 30132 158
30132 30171 254
30160 30192 65
30178 30189 57
30182 30205 57
30200 30231 32
30214 30251 20
30241 30280 14
30256 30288 128
30257 30286 288
30287 30312 195
30316 30330 255
30343 30369 201
30347 30381 205
30374 30386 50
30387 30424 185
30399 30448 75
30406 30430 193
30425 30463 249
30440 30456 128
30470 30491 146
30472 30507 225
30494 30543 140
30505 30538 13
30510 30512 14
30511 30543 82
30541 30557 14
30561 30576 57
30577 30603 248
30581 30615 256
30607 30619 38
30624 30630 99
30630 30641 141
30653 30682 10
30659 30662 246
30677 30691 230
30695 30729 200
30699 30707 295
30710 30740 95
30734 30768 85
30764 30812 61
30774 30798 240
30803 30837 151
30808 30827 108
30808 30811 14
30813 30837 287
30818 30852 206
30833 30852 61
30847 30890 90
30871 30902 62
30888 30911 12
30918 30962 207
30940 30962 185
30960 30999 122
30968 30990 299
30978 31001 279
30982 30984 219
30988 31038 130
30993 31029 246
31015 31057 75
31024 31059 151
31045 31046 36
31050 31059 127
31077 31087 259
31098 31125 250
31108 31118 299
31131 31134 51
31155 31185 293
31179 31225 97
31192 31215 129
31198 31234 175
31226 31250 225
31235 31273 268
31243 31251 111
31262 31309 224
31275 31309 260
31300 31304 97
31315 31343 284
31336 31359 266
31360 31370 164
31385 31423 222
31405 31425 152
31411 31433 98
31429 31461 186
31435 31443 160
31436 31449 71
31437 31480 228
31462 31487 160
31479 31484 79
31485 31506 121
31502 31520 125
31521 31544 18
31540 31574 30
31568 31582 219
31573 31599 257
31598 31641 172
31605 31609 3
31625 31635 219
31652 31670 165
31666 31692 171
31689 31729 7
31718 31764 203
31731 31774 183
31732 31780 260
31742 31781 26
31771 31781 262
31788 31837 107
31803 31806 94
31828 31855 124
31837 31870 198
31854 31884 230
31883 31888 277
31913 31926 182
31913 31931 269
31928 31950 172
31936 31974 62
31956 31960 235
31966 32006 198
31995 32041 172
32008 32018 114
32020 32040 232
32022 32028 158
32032 32069 72
32056 32099 199
32076 32105 96
32101 32122 10
32119 32144 193
32133 32134 171
32153 32183 137
32174 32211 115
32181 32185 294
32205 32228 39
32223 32239 32
32223 32269 256
32236 32274 195
32238 32266 279
32255 32256 263
32283 32306 202
32286 32307 291
32296 32345 170
32310 32328 254
32330 32367 81
32342 32391 248
32360 32369 224
32374 32398 66
32403 32407 203
32419 32431 185
32439 32465 226
32445 32459 265
32473 32477 38
32476 32483 275
32503 32508 289
32516 32557 150
32522 32545 95
32528 32555 222
32552 32602 235
32580 32630 46
32605 32639 198
32629 32634 256
32655 32685 251
32658 32676 257
32666 32675 162
32668 32682 48
32671 32686 163
32677 32725 223
32688 32725 103
32693 32743 154
32712 32756 250
32738 32745 96
32759 32763 87
32781 32806 258
32799 32811 269
32823 32854 196
32839 32880 236
32848 32864 70
32867 32915 7
32873 32878 78
32876 32901 149
32877 32920 78
32904 32951 5
32913 32949 221
32932 32963 279
32947 32986 201
32971 32984 175
32974 32979 15
32978 33024 95
32997 33023 129
33018 33059 43
33022 33031 43
33027 33030 15
33046 33054 77
33053 33074 174
33068 33085 119
33095 33096 184
33105 33113 295
33106 33139 273
33132 33171 86
33146 33174 174
33154 33164 225
33173 33184 61
33193 33211 244
33199 33200 279
33199 33201 221
33202 33211 210
33226 33259 135
33253 33293 75
33279 33285 143
33303 33342 108
33310 33312 37
33324 33363 237
33350 33393 86
33362 33394 268
33375 33378 194
33400 33414 244
33427 33438 277
33438 33468 152
33468 33480 289
33486 33527 76
33494 33542 75
33516 33565 24
33532 33552 133
33555 33576 274
33560 33574 230
33562 33577 181
33568 33581 35
33594 33602 187
33624 33656 17
33635 33665 217
33654 33692 81
33654 33675 146
33672 33699 281
33689 33724 150
33694 33719 101
33711 33742 192
33741 33752 159
33759 33798 23
33764 33788 34
33766 33811 21
33772 33787 237
33798 33839 288
33802 33840 267
33828 33834 178
33836 33850 53
33853 33885 143
33882 33903 272
33883 33929 123
33906 33926 188
33927 33963 197
33941 33987 111
33941 33972 199
33941 33951 179
33947 33950 68
33951 33977 3
33958 33973 193
33960 33996 41
33980 34013 209
33998 34046 269
33999 34042 154
34028 34068 85
34030 34045 10
34055 34057 294
34081 34111 56
34091 34127 232
34102 34107 170
34126 34142 281
34152 34186 124
34164 34179 139
34194 34215 27
34194 34244 125
34207 34219 113
34213 34227 136
34221 34245 40
34236 34284 28
34253 34287 239
34282 34283 253
34305 34323 41
34327 34371 292
34356 34367 151
34382 34427 172
34398 34427 153
34410 34456 37
34425 34436 116
34435 34478 149
34452 34474 178
34458 34500 274
34480 34520 245
34485 34503 237
34513 34553 222
34533 34581 181
34535 34549 295
34546 34592 9
34566 34613 227
34569 34601 92
34597 34641 79
34600 34606 217
34626 34654 178
34638 34679 198
34638 34678 178
34655 34701 115
34672 34704 53
34677 34713 185
34700 34716 262
34716 34758 115
34719 34744 131
34749 34756 68
34774 34791 98
34779 34820 241
34797 34838 57
34821 34868 243
34834 34842 176
34842 34866 282
34865 34910 162
34879 34888 192
34887 34894 169
34903 34937 299
34905 34955 212
34919 34951 62
34920 34928 105
34950 34960 7
34968 34978 229
34984 35008 297
35000 35033 203
35024 35062 132
35031 35045 1
35048 35083 173
35069 35098 161
35076 35099 264
35087 35106 81
35115 35126 47
35118 35160 247
35144 35192 230
35146 35165 139
35171 35219 56
35176 35187 183
35187 35200 25
35199 35209 237
35203 35207 26
35203 35231 152
35209 35223 77
35228 35278 95
35228 35241 295
35245 35286 180
35275 35307 165
35291 35336 220
35297 35323 83
35306 35343 98
35308 35350 29
35328 35336 112
35342 35371 43
35369 35406 261
35374 35394 116
35388 35435 12
35411 35441 232
35436 35478 207
35448 35458 230
35469 35502 190
35486 35494 206
35508 35524 34
35514 35538 256
35515 35530 263
35524 35554 234
35540 35560 90
35540 35580 277
35544 35587 16
35546 35573 241
35561 35586 154
35574 35594 250
35601 35629 40
35624 35637 240
35624 35629 99
35637 35686 292
35645 35652 26
35645 35670 263
35672 35704 295
35677 35722 265
35690 35692 163
35695 35745 96
35695 35699 293
35715 35744 269
35738 35753 171
35749 35763 154
35776 35778 103
35801 35828 249
35805 35835 39
35817 35842 2
35825 35833 68
35839 35849 141
35847 35865 216
35872 35903 149
35902 35912 299
35929 35932 108
35936 35944 86
35952 35961 109
35955 35977 114
35979 36017 294
35991 35998 233
36005 36045 191
36033 36065 220
36047 36055 200
36055 36098 37
36082 36126 266
36112 36138 28
36127 36166 220
36140 36170 38
36155 36201 87
36171 36172 268
36198 36239 239
36212 36223 44
36236 36282 268
36239 36278 218
36269 36309 300
36273 36278 153
36277 36296 192
36291 36320 40
36291 36305 223
36301 36327 76
36307 36345 263
36316 36351 58
36343 36365 68
36348 36385 250
36375 36392 20
36377 36422 9
36378 36412 139
36384 36415 20
36407 36417 199
36414 36424 144
36444 36454 161
36461 36486 137
36476 36503 139
36482 36497 78
36506 36528 36
36532 36555 254
36547 36552 24
36568 36585 44
36587 36607 3
36605 36652 225
36620 36651 126
36647 36695 135
36657 36685 273
36672 36682 91
36686 36727 205
36704 36718 186
36727 36772 278
36732 36780 116
36743 36786 278
36749 36781 32
36777 36811 148
36781 36812 199
36783 36825 259
36798 36829 116
36806 36837 95
36812 36827 97
36814 36827 6
36837 36879 148
36864 36911 59
36880 36901 238
36884 36888 225
36885 36913 297
36907 36929 206
36924 36926 217
36932 36948 177
36939 36953 294
36949 36987 240
36960 36980 233
36990 37017 22
36995 37012 181
37024 37031 278
37044 37072 30
37052 37093 148
37053 37095 253
37069 37094 92
37083 37114 12
37109 37128 160
37139 37179 23
37164 37180 120
37193 37213 69
37207 37237 271
37211 37222 193
37212 37213 125
37236 37284 219
37258 37305 89
37274 37317 257
37276 37300 131
37278 37313 273
37302 37345 62
37313 37337 179
37336 37342 168
37355 37402 210
37362 37389 129
37368 37394 120
37395 37421 204
37411 37422 4
37416 37419 18
37436 37446 144
37451 37456 61
37471 37485 263
37497 37529 82
37505 37513 53
37514 37521 157
37540 37565 300
37558 37561 221
37569 37588 269
37597 37621 166
37623 37644 218
37626 37671 117
37627 37657 264
37646 37668 271
37651 37681 56
37663 37665 182
37677 37688 112
37678 37725 237
37706 37714 106
37707 37726 273
37711 37761 19
37712 37718 246
37719 37761 132
37724 37733 16
37746 37748 234
37756 37783 33
37756 37770 178
37758 37799 260
37787 37793 101
37788 37811 109
37800 37847 3
37813 37857 242
37838 37859 45
37858 37888 179
37861 37898 259
37882 37907 194
37911 37931 204
37940 37965 106
37950 37954 19
37965 37968 67
37985 38006 276
38003 38009 62
38014 38039 82
38033 38071 178
38055 38072 144
38065 38095 269
38066 38070 110
38074 38087 125
38100 38139 239
38109 38123 106
38138 38165 220
38142 38178 150
38160 38201 175
38170 38184 179
38180 38211 256
38191 38207 139
38219 38230 2
38220 38242 42
38247 38280 222
38267 38290 43
38293 38328 157
38310 38320 16
38310 38327 183
38330 38351 39
38343 38352 179
38366 38398 145
38382 38418 227
38406 38455 1
38407 38423 293
38424 38459 265
38451 38488 278
38460 38496 210
38466 38467 95
38484 38500 281
38499 38517 85
38504 38520 41
38506 38551 77
38530 38553 162
38535 38563 183
38553 38569 157
38556 38605 124
38573 38607 90
38577 38609 36
38587 38613 22
38601 38606 30
38625 38642 98
38651 38670 43
38652 38680 235
38652 38676 20
38663 38672 137
38679 38729 69
38693 38710 80
38717 38765 65
38720 38750 178
38744 38752 253
38751 38755 107
38756 38773 156
38775 38812 136
38783 38793 134
38811 38824 104
38835 38873 176
38845 38879 80
38873 38923 84
38874 38904 55
38894 38915 64
38912 38949 200
38925 38943 234
38932 38982 207
38940 38978 186
38941 38958 196
38946 38985 159
38948 38982 125
38967 38991 57
38971 38996 192
38974 38982 293
38988 39025 133
39002 39014 156
39028 39076 79
39056 39103 195
39062 39085 186
39091 39111 268
39104 39109 267
39133 39142 98
39150 39170 124
39169 39216 55
39181 39222 105
39208 39256 209
39211 39226 109
39221 39227 202
39247 39294 45
39261 39304 50
39264 39294 156
39283 39322 160
39304 39342 2
39315 39343 64
39333 39363 128
39348 39351 194
39376 39410 208
39378 39388 176
39396 39440 111
39419 39436 92
39424 39451 50
39429 39459 90
39444 39473 248
39446 39467 19
39450 39452 236
39458 39483 134
39479 39482 14
39489 39498 90
39508 39545 131
39521 39571 13
39539 39571 294
39563 39571 228
39566 39591 118
39571 39584 116
39574 39620 280
39585 39622 46
39594 39636 186
39600 39619 184
39617 39653 133
39631 39674 25
39644 39660 262
39672 39708 177
39688 39696 289
39714 39715 176
39717 39767 285
39723 39756 175
39723 39768 283
39730 39737 76
39739 39783 268
39759 39765 212
39780 39782 215
39804 39853 251
39830 39854 207
39843 39886 190
39863 39878 255
39886 39889 169
39902 39940 48
39915 39932 42
39945 39974 273
39965 39975 119
39994 40014 173
39997 40033 72
39998 40006 262
40010 40018 94
40031 40046 256
40059 40103 7
40075 40082 16
40078 40116 130
40100 40149 176
40121 40152 255
40142 40159 76
40148 40188 141
40175 40207 267
40176 40207 133
40204 40235 252
40231 40262 135
40253 40299 78
40256 40282 53
40286 40332 213
40307 40332 240
40337 40366 142
40344 40354 194
40345 40394 238
40369 40393 137
40383 40413 176
40385 40423 138
40405 40426 148
40423 40466 55
40428 40450 289
40447 40449 273
40449 40483 238
40460 40492 132
40469 40501 47
40491 40507 237
40493 40496 227
40498 40518 266
40525 40563 160
40538 40587 5
40538 40559 279
40549 40596 262
40568 40611 264
40568 40575 122
40596 40605 39
40622 40646 7
40626 40637 138
40649 40694 180
40670 40671 200
40693 40723 113
40705 40745 167
40731 40767 16
40753 40783 35
40764 40781 110
40776 40785 297
40794 40821 113
40794 40825 10
40796 40827 144
40813 40831 71
40817 40840 131
40847 40878 148
40867 40896 237
40896 40910 76
40922 40942 106
40928 40953 116
40939 40964 119
40960 41009 57
40977 40978 16
40987 41008 150
41001 41045 134
41030 41071 282
41052 41101 171
41060 41076 83
41074 41078 229
41089 41135 206
41117 41165 263
41146 41190 20
41161 41166 129
41176 41193 252
41197 41224 299
41220 41241 209
41232 41273 13
41258 41279 200
41269 41277 275
41297 41344 126
41303 41352 172
41312 41340 159
41327 41376 49
41344 41350 292
41355 41357 87
41368 41374 177
41374 41384 282
41404 41439 187
41417 41433 152
41437 41453 118
41437 41481 267
41462 41493 94
41477 41516 264
41503 41537 222
41524 41525 256
41549 41598 58
41564 41595 216
41584 41629 8
41610 41619 136
41620 41634 258
41632 41646 247
41647 41686 92
41658 41677 38
41681 41693 172
41711 41729 248
41728 41732 300
41735 41765 40
41765 41783 252
41793 41829 142
41798 41807 67
41811 41824 51
41815 41843 15
41831 41833 216
41852 41892 195
41860 41909 14
41860 41902 146
41867 41911 171
41877 41923 298
41885 41930 80
41912 41943 18
41924 41962 247
41930 41966 258
41936 41956 282
41941 41991 114
41945 41949 287
41968 41995 260
41991 42008 250
41997 42001 72
42023 42072 96
42051 42077 67
42072 42105 25
42094 42115 186
42098 42122 114
42122 42149 102
42135 42156 7
42160 42169 50
42166 42195 240
42168 42195 44
42168 42185 190
42196 42203 147
42217 42244 229
42244 42281 43
42252 42294 255
42258 42269 289
42269 42283 282
42272 42293 207
42286 42317 27
42302 42304 252
42309 42359 184
42310 42330 276
42319 42340 119
42328 42333 58
42329 42356 275
42346 42387 295
42361 42376 68
42387 42429 5
42408 42456 232
42437 42470 148
42467 42486 22
42489 42500 287
42510 42541 255
42514 42534 246
42537 42559 237
42540 42578 128
42560 42568 257
42579 42620 217
42581 42628 197
42581 42583 298
42583 42611 66
42598 42609 84
42608 42654 34
42610 42642 38
42626 42639 168
42646 42657 271
42658 42707 6
42686 42701 114
42700 42713 276
42714 42764 208
42736 42776 29
42744 42760 137
42748 42758 135
42753 42779 199
42771 42772 30
42775 42802 137
42798 42803 89
42813 42862 68
42822 42841 138
42825 42856 248
42855 42873 106
42870 42895 72
42892 42900 104
42908 42944 28
42924 42959 202
42936 42946 225
42958 42964 160
42969 42996 40
42970 43018 219
42983 43019 2
42990 42992 151
42990 43008 177
43016 43044 171
43024 43042 80
43041 43052 299
43048 43059 117
43053 43101 149
43073 43109 249
43097 43125 162
43109 43137 131
43137 43185 160
43138 43157 114
43166 43176 40
43182 43209 45
43209 43216 106
43221 43244 154
43227 43252 113
43239 43260 24
43262 43273 125
43278 43314 88
43297 43334 148
43297 43302 107
43321 43347 114
43347 43374 153
43372 43416 229
43383 43411 257
43413 43414 176
43413 43429 198
43433 43465 3
43447 43486 247
43459 43467 268
43488 43509 99
43503 43519 82
43530 43543 214
43548 43552 162
43551 43580 161
43560 43582 82
43562 43584 238
43576 43594 16
43598 43631 110
43605 43611 214
43623 43637 142
43630 43669 130
43649 43693 198
43667 43670 20
43682 43721 273
43689 43736 88
43714 43717 71
43729 43733 208
43756 43785 166
43771 43774 160
43775 43807 284
43782 43790 300
43790 43816 62
43819 43839 122
43828 43859 193
43847 43849 105
43870 43887 60
43876 43892 207
43902 43943 102
43920 43969 163
43928 43966 157
43936 43959 11
43963 43965 264
43977 43979 65
43998 44047 122
44009 44056 197
44012 44061 162
44024 44035 51
44042 44059 182
44050 44072 165
44065 44071 74
44077 44112 74
44103 44124 162
44112 44126 217
44114 44144 157
44118 44168 22
44147 44152 199
44173 44207 176
44192 44197 119
44218 44242 149
44223 44264 207
44233 44239 71
44263 44265 266
44277 44296 35
44298 44342 231
44327 44337 42
44353 44387 205
44374 44410 157
44394 44433 143
44415 44437 7
44440 44478 145
44441 44457 63
44450 44493 154
44475 44502 199
44475 44501 194
44485 44498 150
44487 44518 6
44501 44516 24
44516 44555 265
44538 44574 223
44560 44601 63
44590 44624 52
44616 44653 126
44627 44651 118
44638 44666 245
44662 44699 182
44666 44708 250
44680 44690 22
44708 44750 148
44715 44746 124
44717 44746 269
44718 44724 220
44718 44757 194
44722 44727 43
44738 44744 31
44757 44797 214
44765 44787 131
44778 44828 109
44800 44812 74
44810 44854 193
44835 44883 40
44843 44872 29
44852 44894 296
44853 44896 80
44874 44902 143
44898 44938 259
44908 44927 96
44927 44975 292
44945 44959 33
44953 44965 157
44966 44997 257
44969 44973 110
44969 44979 166
44987 44991 125
44988 44993 169
45017 45043 135
45042 45087 275
45051 45060 108
45064 45106 174
45075 45117 54
45091 45138 33
45107 45138 194
45134 45151 97
45164 45168 123
45185 45231 84
45189 45230 105
45202 45212 145
45232 45235 194
45236 45261 70
45254 45266 169
45271 45289 299
45281 45300 68
45301 45327 239
45312 45359 166
45314 45341 241
45324 45334 194
45328 45336 235
45332 45345 71
45343 45364 193
45364 45396 94
45386 45424 177
45402 45410 60
45418 45449 207
45423 45448 55
45429 45430 114
45445 45460 226
45447 45471 94
45461 45497 194
45467 45506 256
45481 45498 44
45492 45520 21
45519 45523 210
45548 45551 150
45574 45622 212
45581 45583 24
45581 45597 265
45611 45624 114
45631 45677 149
45661 45705 209
45691 45716 164
45716 45755 44
45734 45743 92
45755 45789 209
45774 45821 261
45778 45783 114
45794 45821 143
45796 45801 37
45799 45800 251
45811 45813 137
45822 45849 83
45824 45855 35
45829 45866 138
45837 45849 184
45865 45914 59
45871 45882 225
45881 45885 64
45909 45939 107
45927 45963 172
45951 45965 103
45952 45976 269
45982 46006 67
46001 46039 229
46024 46026 217
46040 46051 234
46069 46070 213
46070 46080 83
46076 46117 76
46105 46148 284
46109 46144 5
46123 46162 134
46124 46134 102
46130 46158 37
46145 46193 95
46168 46194 203
46188 46198 44
46217 46236 192
46219 46250 242
46249 46294 60
46257 46296 91
46276 46291 205
46304 46314 55
46322 46326 229
46346 46351 28
46368 46405 80
46376 46413 26
46400 46449 39
46405 46419 154
46429 46435 19
46431 46453 149
46444 46449 261
46460 46494 125
46486 46533 168
46502 46540 35
46520 46522 98
46547 46579 48
46572 46613 64
46572 46595 195
46601 46626 32
46628 46646 163
46654 46683 75
46665 46709 64
46683 46699 226
46700 46726 224
46725 46774 228
46753 46783 169
46774 46790 278
46775 46820 204
46787 46829 234
46809 46850 55
46811 46852 3
46821 46849 213
46848 46886 29
46871 46898 251
46895 46906 84
46911 46912 12
46916 46930 246
46917 46934 61
46926 46971 207
46930 46957 61
46943 46951 28
46951 46965 97
46979 47009 151
46982 46996 134
47001 47032 248
47013 47016 281
47015 47025 18
47040 47048 165
47043 47074 95
47065 47068 192
47075 47097 197
47088 47112 136
47094 47107 76
47115 47165 57
47139 47181 243
47144 47178 290
47151 47174 300
47155 47163 35
47159 47199 253
47174 47195 170
47200 47209 203
47210 47215 162
47222 47262 64
47241 47265 212
47266 47304 124
47273 47294 95
47281 47284 263
47286 47287 122
47306 47335 220
47316 47321 38
47346 47371 128
47360 47372 115
47361 47391 26
47375 47385 292
47384 47430 170
47408 47449 177
47437 47486 26
47466 47504 13
47484 47505 295
47506 47510 286
47521 47562 197
47534 47572 171
47564 47603 209
47567 47573 154
47597 47610 40
47598 47619 179
47599 47602 211
47602 47643 200
47632 47651 89
47652 47670 109
47675 47712 45
47704 47707 18
47713 47723 283
47713 47718 142
47742 47761 47
47753 47785 197
47762 47791 267
47763 47799 287
47774 47819 55
47779 47820 293
47792 47834 113
47799 47836 23
47818 47861 218
47848 47869 286
47849 47863 216
47860 47885 284
47885 47899 204
47899 47910 14
47912 47923 46
47920 47968 237
47949 47999 98
47958 47999 216
47968 47980 170
47984 48012 90
48011 48014 225
48039 48079 43
48067 48088 225
48090 48122 85
48115 48148 251
48115 48143 34
48125 48128 254
48126 48146 28
48146 48150 285
48172 48220 98
48182 48186 79
48187 48209 162
48190 48211 14
48191 48216 39
48221 48263 86
48244 48289 164
48256 48276 273
48270 48309 269
48282 48324 96
48308 48355 166
48328 48342 198
48355 48402 137
48374 48424 157
48375 48386 161
48376 48408 218
48376 48422 26
48399 48432 256
48422 48465 213
48437 48468 181
48466 48501 198
48495 48512 189
48511 48549 8
48528 48540 162
48552 48598 180
48555 48598 249
48565 48610 234
48595 48603 14
48622 48664 222
48631 48671 99
48638 48669 300
48640 48648 75
48668 48677 177
48669 48682 171
48697 48745 275
48717 48762 158
48724 48728 117
48742 48768 297
48759 48781 106
48763 48770 230
48780 48827 57
48809 48850 190
48831 48840 269
48853 48865 158
48882 48922 264
48893 48917 45
48923 48961 269
48923 48934 31
48952 48968 140
48978 49025 3
48998 49042 207
48999 49018 50
49026 49052 56
49041 49079 208
49042 49068 16
49048 49067 167
49067 49102 118
49085 49095 154
49113 49163 300
49128 49143 185
49142 49157 107
49162 49164 183
49172 49207 191
49198 49232 78
49226 49236 152
49241 49291 250
49247 49291 183
49259 49291 269
49284 49331 300
49309 49322 221
49331 49337 112
49350 49379 177
49362 49399 244
49364 49383 148
49373 49396 224
49402 49444 189
49411 49446 191
49414 49452 198
49433 49448 107
49443 49493 289
49454 49473 54
49461 49472 271
49486 49499 87
49514 49527 76
49519 49538 88
49540 49550 290
49565 49610 195
49585 49587 94
49603 49633 139
49609 49639 127
49626 49639 240
49632 49650 180
49659 49664 255
49667 49683 90
49685 49699 10
49687 49706 1
49707 49726 59
49733 49742 56
49744 49768 258
49757 49772 261
49780 49822 3
49797 49803 96
49811 49851 12
49814 49847 282
49825 49863 267
49843 49858 281
49863 49870 201
49867 49892 187
49882 49930 30
49904 49935 277
49918 49952 59
49947 49971 81
49960 49967 105
49983 50022 78
50012 50022 95
50035 50047 296
50062 50085 68
50082 50084 3
50104 50149 203
50126 50152 170
50129 50153 189
50155 50193 115
50175 50180 19
50197 50208 192
50212 50230 90
50223 50272 187
50228 50256 181
50232 50246 125
50256 50306 265
50264 50295 151
50265 50282 276
50268 50310 151
50294 50315 298
50309 50353 110
50325 50364 99
50336 50370 235
50341 50387 251
50364 50414 189
50381 50424 172
50398 50429 274
50417 50448 282
50430 50477 47
50434 50453 252
50464 50473 269
50469 50487 266
50469 50511 183
50474 50485 102
50478 50519 292
50501 50521 146
50527 50534 293
50531 50565 16
50559 50584 240
50588 50591 142
50592 50632 270
50615 50644 124
50632 50641 223
50651 50696 126
50679 50705 139
50690 50714 115
50702 50708 246
50730 50767 76
50733 50741 173
50749 50778 184
50772 50799 122
50772 50822 219
50796 50816 220
50820 50834 184
50825 50852 182
50829 50853 145
50834 50869 237
50847 50878 239
50872 50909 137
50872 50875 220
50876 50905 240
50893 50904 282
50911 50930 196
50937 50955 87
50956 50986 230
50982 51026 299
50984 50985 110
50989 51004 31
51004 51009 67
51018 51047 92
51034 51075 243
51034 51066 194
51060 51097 34
51086 51125 107
51090 51139 89
51095 51106 194
51099 51120 43
51122 51126 218
51144 51154 52
51163 51180 41
51172 51178 288
51195 51243 140
51219 51267 38
51237 51277 171
51245 51258 173
51273 51278 183
51301 51327 151
51307 51339 21
51336 51361 107
51361 51401 89
51374 51414 282
51402 51449 229
51431 51447 107
51440 51484 287
51469 51505 33
51470 51507 97
51475 51480 244
51477 51519 114
51489 51505 98
51514 51555 48
51525 51566 167
51553 51593 275
51583 51615 88
51601 51614 119
51619 51646 69
51644 51672 298
51665 51673 276
51692 51712 94
51701 51714 44
51723 51734 279
51732 51748 249
51740 51776 104
51754 51781 77
51768 51818 149
51786 51836 229
51811 51820 71
51825 51846 186
51842 51851 71
51849 51863 52
51870 51905 68
51873 51899 25
51898 51903 76
51920 51964 7
51938 51954 137
51942 51989 267
51945 51983 160
51946 51977 113
51969 51982 172
51980 51994 182
51991 52007 240
52003 52029 236
52011 52058 289
52032 52035 79
52053 52088 52
52077 52125 135
52096 52110 225
52118 52131 147
52129 52146 294
52132 52159 66
52143 52144 135
52167 52184 183
52174 52194 208
52174 52179 89
52177 52225 133
52181 52225 208
52182 52199 25
52205 52228 7
52211 52222 290
52230 52253 249
52237 52270 159
52260 52304 45
52261 52307 211
52269 52275 187
52298 52343 224
52303 52346 101
52332 52359 53
52361 52386 292
52368 52386 108
52392 52396 96
52402 52409 260
52424 52428 54
52443 52484 3
52473 52512 7
52486 52517 100
52499 52543 280
52505 52508 106
52505 52544 225
52535 52568 2
52565 52601 26
52595 52632 218
52623 52655 46
52641 52675 93
52659 52664 137
52666 52708 56
52671 52700 237
52671 52710 33
52698 52699 247
52706 52737 161
52712 52725 27
52732 52736 100
52738 52757 117
52768 52796 17
52790 52806 154
52796 52815 213
52811 52835 220
52814 52861 142
52844 52874 59
52873 52878 207
52893 52940 220
52903 52934 4
52929 52954 223
52956 52990 294
52964 53006 10
52982 52998 229
52987 52991 279
53015 53028 149
53034 53048 69
53063 53098 140
53073 53103 97
53100 53150 14
53127 53176 274
53146 53183 234
53148 53183 99
53152 53195 198
53181 53198 60
53195 53230 294
53224 53244 156
53248 53279 68
53270 53318 163
53276 53322 190
53302 53344 135
53325 53328 181
53337 53373 151
53343 53393 58
53352 53366 23
53376 53412 177
53382 53399 127
53392 53431 193
53411 53440 175
53428 53471 183
53444 53473 12
53461 53475 224
53491 53516 198
53508 53544 102
53525 53538 120
53546 53583 18
53553 53603 56
53569 53573 99
53592 53621 217
53592 53593 220
53604 53616 204
53625 53642 51
53640 53656 210
53670 53694 253
53681 53709 80
53704 53720 54
53706 53753 260
53733 53753 253
53733 53783 59
53760 53768 68
53769 53808 172
53796 53810 258
53815 53863 79
53820 53830 244
53845 53847 36
53870 53876 267
53889 53933 125
53910 53944 253
53931 53953 17
53937 53965 114
53941 53972 42
53968 53986 75
53975 53989 254
53984 54023 230
54007 54040 49
54014 54045 51
54034 54077 219
54058 54085 231
54081 54103 16
54087 54129 19
54108 54135 249
54126 54169 29
54142 54187 177
54152 54172 172
54171 54194 209
54173 54207 288
54188 54223 147
54196 54205 22
54223 54246 166
54251 54254 234
54267 54278 91
54297 54347 10
54301 54302 240
54312 54343 48
54328 54350 167
54332 54337 168
54336 54369 193
54337 54369 80
54342 54372 165
54364 54382 31
54386 54410 209
54414 54454 198
54425 54431 125
54438 54466 285
54451 54481 65
54456 54471 268
54463 54504 187
54484 54520 292
54501 54538 288
54513 54544 234
54528 54545 42
54530 54568 213
54535 54554 133
54540 54582 240
54550 54584 210
54580 54596 270
54596 54597 219
54613 54629 264
54622 54671 259
54629 54638 54
54639 54658 25
54646 54676 44
54672 54689 236
54682 54692 149
54687 54727 178
54705 54750 212
54727 54761 184
54753 54791 6
54768 54775 268
54780 54826 170
54786 54835 82
54803 54853 88
54813 54833 2
54828 54842 213
54856 54884 134
54860 54867 196
54878 54889 79
54895 54917 13
54918 54928 177
54920 54931 134
54944 54969 96
54951 54976 88
54958 54974 281
54970 55003 19
54982 54996 90
54982 55018 103
55003 55028 57
55030 55051 191
55045 55067 190
55072 55095 288
55077 55093 139
55107 55151 259
55110 55130 197
55117 55149 56
55125 55134 165
55127 55175 243
55138 55176 160
55140 55188 279
55142 55187 39
55155 55177 180
55161 55209 279
55163 55171 25
55173 55175 187
55182 55187 234
55203 55250 59
55219 55249 36
55238 55257 223
55259 55266 151
55276 55307 221
55296 55315 125
55297 55340 166
55303 55313 259
55321 55348 277
55331 55349 244
55358 55385 13
55359 55393 56
55387 55436 283
55389 55435 221
55401 55402 122
55426 55436 196
55437 55475 275
55452 55472 287
55458 55469 59
55475 55491 184
55490 55537 36
55500 55546 31
55513 55552 96
55514 55522 203
55527 55529 257
55555 55589 28
55578 55605 290
55579 55584 126
55579 55603 233
55587 55595 95
55611 55646 257
55617 55661 144
55626 55631 19
55656 55704 193
55670 55673 165
55695 55717 222
55718 55727 81
55719 55750 229
55723 55770 264
55749 55781 91
55769 55797 177
55778 55826 82
55782 55787 228
55785 55830 120
55814 55847 221
55843 55872 201
55843 55891 175
55863 55912 111
55870 55919 258
55881 55912 1
55897 55911 277
55897 55916 120
55907 55945 190
55917 55923 200
55946 55976 33
55946 55992 275
55949 55984 97
55968 55994 56
55993 56021 128
55997 56026 197
56024 56030 195
56029 56040 49
56035 56043 33
56047 56059 18
56067 56089 212
56067 56108 93
56067 56077 168
56090 56118 215
56100 56115 42
56129 56167 294
56153 56200 7
56154 56176 23
56169 56193 50
56191 56223 211
56199 56227 236
56205 56249 152
56220 56246 30
56226 56257 135
56250 56267 60
56270 56317 211
56278 56302 25
56294 56295 52
56295 56320 286
56295 56314 111
56307 56317 40
56326 56376 107
56353 56367 58
56355 56378 49
56376 56379 6
56391 56413 213
56396 56440 208
56423 56465 179
56437 56485 222
56446 56467 275
56458 56475 188
56488 56521 50
56495 56498 123
56517 56553 242
56536 56554 8
56537 56552 60
56540 56561 63
56565 56578 170
56589 56611 164
56607 56609 276
56622 56669 164
56641 56676 197
56658 56702 254
56687 56706 203
56709 56734 43
56711 56716 99
56725 56771 210
56748 56780 208
56771 56788 293
56780 56817 207
56785 56802 164
56786 56836 241
56786 56825 159
56800 56813 35
56818 56825 27
56841 56883 143
56860 56900 179
56885 56914 212
56912 56945 289
56935 56936 94
56939 56955 123
56941 56957 175
56949 56989 35
56951 56961 5
56957 57000 224
56968 57001 206
56985 57028 294
56989 57026 101
57001 57027 185
57016 57061 190
57026 57060 261
57034 57047 114
57034 57083 234
57044 57086 280
57048 57093 171
57052 57100 206
57077 57094 181
57089 57127 202
57102 57103 293
57119 57157 67
57143 57146 240
57168 57184 135
57186 57191 62
57202 57249 90
57219 57256 238
57223 57260 197
57228 57247 241
57257 57300 34
57266 57290 225
57296 57300 99
57297 57334 147
57325 57364 24
57325 57368 145
57334 57379 217
57360 57372 284
57371 57376 167
57385 57399 273
57388 57409 16
57395 57435 287
57407 57424 120
57435 57469 208
57455 57487 263
57461 57477 234
57462 57471 48
57475 57496 122
57492 57494 142
57512 57525 287
57527 57539 261
57547 57597 188
57558 57606 123
57561 57598 247
57576 57581 133
57594 57602 184
57602 57640 188
57603 57609 62
57609 57622 258
57617 57650 147
57619 57623 106
57639 57672 265
57642 57667 192
57655 57667 235
57660 57676 243
57687 57689 278
57716 57746 94
57736 57774 291
57738 57765 253
57758 57801 244
57781 57823 45
57798 57843 247
57802 57839 100
57812 57829 28
57819 57866 196
57846 57882 188
57862 57865 101
57872 57879 95
57900 57943 216
57925 57966 242
57931 57965 160
57961 58007 40
57980 58026 69
58002 58050 202
58004 58016 175
58004 58013 238
58032 58036 227
58044 58053 19
58067 58100 153
58076 58083 97
58100 58148 73
58102 58109 77
58122 58141 193
58142 58161 61
58165 58187 240
58177 58216 114
58180 58223 6
58202 58246 260
58229 58254 58
58247 58286 182
58272 58318 8
58280 58299 149
58284 58309 13
58302 58347 242
58323 58361 185
58335 58361 9
58356 58381 295
58381 58393 188
58406 58452 53
58430 58457 56
58436 58481 34
58463 58497 198
58477 58487 286
58497 58523 44
58524 58558 54
58541 58551 72
58557 58566 297
58561 58569 22
58574 58588 19
58589 58597 129
58590 58604 290
58599 58603 300
58621 58671 267
58646 58658 57
58655 58680 129
58656 58667 250
58663 58708 222
58691 58721 40
58704 58720 52
58711 58734 102
58724 58731 193
58731 58766 271
58740 58781 30
58754 58762 289
58764 58814 27
58781 58815 144
58785 58818 49
58809 58815 78
58837 58858 176
58852 58862 199
58881 58886 256
58905 58953 127
58916 58944 103
58941 58951 83
58942 58983 31
58971 59006 258
58995 59028 195
59019 59069 73
59022 59035 296
59043 59065 153
59072 59080 126
59100 59146 265
59107 59140 90
59123 59166 66
59123 59155 36
59151 59162 219
59166 59213 192
59172 59177 107
59201 59247 295
59219 59222 256
59224 59246 171
59239 59263 277
59244 59263 115
59256 59259 180
59262 59270 77
59284 59299 60
59301 59332 72
59323 59370 191
59351 59365 294
59381 59426 128
59383 59424 92
59394 59395 146
59395 59421 206
59408 59434 94
59411 59448 120
59425 59466 155
59432 59438 219
59448 59456 253
59461 59497 178
59479 59482 149
59484 59499 4
59495 59498 141
59515 59524 5
59525 59564 290
59554 59562 35
59582 59619 275
59588 59630 295
59618 59623 290
59644 59687 237
59670 59719 188
59695 59723 226
59696 59727 135
59718 59720 156
59735 59785 49
59736 59771 102
59757 59793 58
59771 59786 109
59772 59786 145
59794 59811 175
59802 59805 207
59804 59839 262
59818 59823 245
59840 59851 63
59851 59889 206
59868 59916 148
59872 59879 170
59897 59906 283
59914 59915 154
59919 59920 35
59946 59955 151
59968 59989 213
59986 60036 55
59998 60023 285
60012 60050 83
60025 60036 45
60029 60079 263
60053 60098 84
60083 60110 209
60093 60129 111
60104 60119 211
60128 60176 194
60134 60171 122
60134 60144 30
60147 60167 52
60153 60157 135
60165 60191 212
60170 60219 196
60191 60203 26
60198 60237 51
60212 60236 65
60234 60242 63
60247 60267 164
60270 60279 40
60289 60312 20
60306 60320 76
60311 60315 16
60319 60325 33
60330 60341 194
60356 60360 38
60369 60386 177
60380 60410 215
60380 60424 82
60383 60408 39
60402 60431 87
60406 60410 38
60407 60448 11
60437 60475 5
60438 60474 87
60440 60482 186
60441 60472 58
60466 60484 138
60471 60509 64
60501 60508 227
60504 60519 103
60517 60535 122
60532 60539 65
60540 60588 116
60557 60579 129
60559 60603 69
60582 60586 9
60601 60646 207
60606 60630 200
60630 60663 52
60657 60676 258
60672 60719 288
60675 60700 134
60687 60734 56
60690 60718 41
60720 60764 92
60733 60772 60
60734 60773 72
60737 60768 63
60754 60772 216
60781 60821 4
60783 60794 127
60804 60847 59
60806 60856 63
60836 60838 206
60866 60894 164
60868 60892 87
60880 60924 72
60882 60892 233
60908 60955 95
60913 60937 290
60928 60932 267
60945 60985 100
60972 61015 155
60984 61004 130
60993 61009 300
61005 61035 19
61005 61045 6
61006 61019 133
61018 61037 264
61022 61050 5
61023 61029 100
61044 61073 211
61073 61083 119
61096 61134 294
61121 61146 93
61150 61193 65
61180 61196 59
61187 61205 88
61209 61229 36
61235 61242 69
61258 61259 28
61258 61268 83
61275 61297 122
61284 61321 195
61291 61316 287
61310 61342 97
61327 61345 109
61328 61342 89
61344 61377 205
61351 61354 243
61375 61395 152
61375 61380 193
61393 61406 194
61416 61425 80
61437 61452 26
61464 61499 127
61473 61521 236
61496 61506 161
61505 61507 229
61510 61547 144
61537 61548 46
61552 61584 285
61565 61608 174
61569 61571 131
61571 61618 78
61599 61628 254
61599 61643 206
61610 61646 295
61610 61646 59
61628 61640 4
61658 61692 53
61672 61681 57
61672 61715 274
61679 61701 63
61691 61719 97
61696 61730 43
61718 61740 32
61740 61769 59
61740 61744 246
61754 61798 205
61772 61816 118
61797 61816 100
61821 61843 99
61837 61887 213
61848 61875 140
61869 61886 207
61896 61929 195
61901 61949 187
61928 61943 106
61954 61973 32
61964 62011 113
61990 62021 151
61995 62017 94
62010 62034 243
62026 62036 259
62036 62073 111
62047 62050 158
62050 62076 63
62069 62105 58
62094 62111 74
62106 62138 7
62115 62150 49
62139 62151 181
62145 62174 13
62145 62167 87
62149 62172 158
62150 62168 133
62169 62176 268
62173 62200 185
62178 62219 243
62208 62233 167
62234 62239 186
62255 62293 107
62256 62267 206
62264 62296 26
62275 62282 122
62285 62301 66
62304 62339 111
62309 62316 120
62316 62348 163
62331 62374 237
62361 62394 81
62386 62420 250
62413 62451 254
62419 62420 242
62440 62459 54
62467 62473 108
62490 62507 152
62517 62542 294
62536 62579 125
62543 62562 136
62550 62560 163
62562 62605 83
62565 62571 60
62565 62609 97
62577 62606 140
62583 62623 299
62598 62619 206
62611 62619 108
62613 62636 238
62634 62681 11
62636 62682 90
62665 62684 173
62683 62714 123
62688 62695 234
62718 62722 103
62743 62771 40
62759 62763 31
62786 62793 211
62798 62826 30
62798 62832 114
62821 62833 29
62825 62829 206
62848 62893 49
62858 62884 96
62858 62882 93
62865 62873 86
62866 62910 207
62886 62905 242
62901 62921 184
62915 62960 118
62930 62963 228
62933 62969 243
62938 62945 3
62948 62959 74
62962 62980 175
62968 63018 118
62992 63019 282
63000 63050 12
63000 63046 97
63028 63042 143
63032 63035 284
63043 63065 248
63044 63066 6
63044 63051 115
63045 63092 120
63071 63118 19
63101 63142 108
63111 63118 258
63139 63153 43
63154 63196 68
63156 63166 60
63176 63208 249
63188 63227 127
63210 63238 255
63234 63278 250
63259 63277 26
63260 63280 71
63271 63294 217
63281 63312 187
63306 63356 281
63307 63308 161
63327 63351 290
63338 63350 220
63352 63390 197
63371 63412 262
63395 63434 157
63424 63444 93
63454 63455 205
63466 63470 123
63468 63505 300
63493 63527 132
63519 63540 47
63524 63550 147
63542 63561 195
63542 63592 108
63565 63568 206
63581 63590 135
63592 63615 153
63618 63619 8
63639 63689 12
63648 63651 216
63658 63708 73
63664 63681 287
63694 63739 86
63710 63719 95
63730 63746 155
63753 63780 218
63770 63786 216
63796 63803 143
63796 63816 119
63805 63849 241
63814 63836 277
63834 63859 160
63836 63845 131
63852 63886 266
63870 63874 203
63884 63932 58
63890 63923 249
63899 63934 61
63929 63947 70
63955 63971 210
63983 64000 266
63986 63996 84
64006 64043 258
64019 64046 114
64031 64037 226
64060 64062 44
64081 64102 26
64101 64128 38
64101 64114 195
64129 64151 10
64134 64177 30
64158 64181 138
64188 64226 135
64188 64196 188
64202 64237 32
64204 64206 170
64234 64271 16
64234 64256 277
64253 64280 57
64274 64312 93
64284 64315 84
64307 64343 210
64318 64333 16
64342 64371 33
64362 64366 165
64389 64403 104
64401 64448 117
64410 64452 185
64438 64456 15
64455 64472 211
64464 64466 279
64465 64508 48
64492 64527 239
64494 64526 141
64499 64546 20
64499 64515 94
64528 64538 194
64533 64562 126
64546 64571 164
64573 64584 281
64600 64633 22
64619 64668 250
64632 64673 36
64653 64662 142
64669 64675 70
64699 64708 228
64711 64759 98
64725 64756 138
64732 64782 83
64734 64777 63
64750 64759 202
64760 64789 214
64781 64795 72
64810 64831 60
64828 64847 161
64840 64884 238
64864 64909 60
64879 64909 13
64889 64938 81
64896 64912 14
64917 64960 219
64942 64986 264
64943 64979 122
64953 64967 257
64982 64985 158
64991 65036 276
65021 65068 219
65024 65059 160
65035 65069 256
65051 65069 59
65058 65096 145
65058 65066 218
65083 65132 287
65107 65147 65
65111 65117 7
65126 65129 151
65135 65177 64
65157 65177 97
65177 65191 138
65207 65217 289
65215 65247 40
65216 65255 285
65244 65250 223
65261 65300 85
65272 65314 73
65281 65305 182
65288 65306 25
65311 65326 294
65339 65362 269
65356 65398 175
65383 65397 123
65404 65428 19
65424 65458 286
65446 65491 61
65454 65489 141
65468 65503 41
65468 65511 286
65472 65508 197
65493 65514 62
65516 65554 148
65521 65531 36
65543 65555 100
65553 65566 144
65574 65607 75
65597 65627 88
65618 65663 143
65645 65683 200
65666 65685 2
65674 65704 261
65704 65744 256
65704 65746 63
65732 65750 52
65751 65795 206
65756 65792 9
65770 65772 35
65790 65805 154
65791 65840 147
65796 65806 299
65814 65821 57
65827 65832 86
65835 65871 65
65840 65852 180
65864 65905 52
65891 65906 207
65919 65948 95
65943 65947 166
65946 65994 136
65946 65989 233
65965 66009 241
65972 65997 293
65996 66014 69
66006 66011 61
66035 66042 41
66062 66084 74
66081 66110 49
66084 66130 208
66105 66146 5
66131 66149 123
66134 66176 35
66161 66165 147
66166 66176 278
66185 66227 295
66194 66232 291
66208 66233 116
66229 66265 240
66249 66298 105
66259 66265 266
66286 66292 3
66303 66343 261
66317 66332 274
66325 66341 274
66325 66344 247
66341 66374 104
66361 66371 260
66388 66415 237
66397 66432 275
66427 66439 180
66445 66486 102
66472 66493 286
66479 66515 34
66507 66556 208
66530 66545 257
66544 66594 180
66553 66592 195
66575 66620 87
66589 66625 191
66617 66629 200
66635 66648 257
66638 66685 74
66667 66683 258
66676 66724 161
66700 66730 118
66723 66751 8
66726 66730 83
66739 66776 131
66743 66773 49
66772 66802 274
66777 66805 141
66783 66811 247
66806 66823 16
66824 66844 128
66854 66886 186
66882 66885 298
66907 66932 287
66928 66946 274
66942 66960 219
66948 66981 256
66953 66970 269
66971 66979 109
66994 67035 77
66999 67023 287
67000 67022 118
67029 67044 47
67031 67051 168
67047 67053 287
67053 67060 37
67071 67075 54
67101 67122 268
67108 67115 188
67112 67114 70
67134 67157 139
67134 67161 64
67138 67144 193
67149 67193 17
67149 67193 105
67166 67175 169
67190 67216 139
67190 67206 102
67206 67235 100
67225 67241 115
67227 67254 211
67227 67254 144
67254 67294 173
67279 67296 97
67302 67341 205
67325 67360 114
67332 67371 210
67355 67361 123
67363 67368 215
67369 67371 258
67392 67402 7
67419 67422 182
67442 67457 81
67463 67513 174
67483 67513 185
67492 67494 196
67515 67521 41
67540 67583 116
67541 67580 288
67555 67557 232
67555 67605 230
67571 67612 49
67591 67614 255
67597 67603 147
67620 67665 85
67625 67652 38
67650 67653 230
67657 67703 79
67682 67721 264
67686 67727 269
67686 67733 188
67712 67761 160
67728 67746 96
67735 67751 2
67752 67781 230
67780 67815 238
67794 67841 133
67813 67814 241
67815 67837 110
67828 67864 203
67852 67892 206
67873 67886 100
67888 67913 93
67907 67946 73
67933 67973 174
67938 67947 206
67953 67983 94
67958 68006 296
67986 67994 146
68005 68027 112
68021 68042 270
68047 68064 199
68060 68107 157
68080 68093 215
68102 68137 141
68117 68123 281
68125 68142 155
68144 68172 221
68148 68177 189
68174 68181 182
68190 68208 244
68212 68257 22
68212 68222 90
68236 68258 185
68255 68274 285
68274 68289 229
68288 68337 26
68306 68342 66
68330 68355 98
68360 68392 169
68369 68390 191
68383 68421 12
68401 68431 103
68419 68427 58
68425 68467 42
68449 68481 171
68466 68488 51
68496 68498 128
68523 68564 192
68535 68553 137
68547 68595 271
68549 68557 253
68570 68606 120
68592 68610 211
68595 68619 187
68597 68642 195
68610 68618 279
68635 68653 164
68659 68693 105
68661 68662 70
68670 68702 99
68697 68739 261
68717 68749 281
68745 68788 167
68770 68819 54
68799 68842 237
68800 68838 3
68817 68853 211
68827 68839 105
68848 68895 188
68855 68899 208
68864 68898 211
68874 68894 97
68886 68916 235
68903 68927 229
68911 68931 28
68921 68951 26
68930 68949 232
68935 68958 212
68938 68985 74
68965 68987 299
68991 69033 126
69015 69040 95
69021 69023 229
69044 69047 155
69055 69071 29
69056 69083 13
69075 69103 36
69082 69086 292
69093 69125 166
69115 69162 282
69139 69157 283
69143 69171 251
69159 69195 56
69172 69212 189
69193 69208 16
69218 69254 194
69231 69246 134
69252 69290 261
69259 69261 275
69261 69267 76
69269 69298 90
69292 69328 204
69297 69321 47
69310 69337 217
69322 69370 220
69340 69346 71
69360 69374 110
69388 69400 161
69401 69418 222
69412 69415 170
69434 69451 100
69454 69499 241
69472 69516 226
69501 69550 177
69527 69556 44
69553 69595 15
69558 69601 192
69562 69589 48
69570 69605 287
69595 69637 163
69614 69664 43
69617 69627 75
69626 69668 32
69631 69669 269
69658 69707 227
69668 69691 24
69670 69685 28
69696 69710 107
69702 69731 85
69728 69754 96
69735 69769 185
69750 69768 216
69768 69773 17
69771 69811 211
69801 69851 170
69828 69878 291
69829 69860 13
69841 69861 180
69845 69892 69
69864 69886 283
69872 69907 59
69895 69945 226
69921 69929 35
69922 69955 288
69940 69948 255
69960 70000 189
69980 70002 251
69994 69999 171
70001 70045 5
70007 70049 52
70030 70032 137
70051 70073 196
70060 70094 290
70090 70111 77
70115 70162 208
70133 70175 93
70148 70149 228
70169 70209 131
70192 70230 224
70205 70240 278
70213 70254 72
70221 70258 258
70234 70276 204
70252 70258 139
70268 70279 68
70295 70338 9
70298 70319 219
70302 70351 156
70323 70344 132
70352 70396 244
70371 70414 74
70384 70410 240
70387 70435 278
70401 70420 269
70417 70435 293
70433 70450 54
70447 70488 290
70456 70458 48
70476 70513 266
70489 70490 273
70490 70510 191
70503 70505 278
70516 70520 248
70531 70554 217
70540 70566 157
70561 70585 171
70591 70617 23
70618 70653 271
70619 70637 286
70620 70629 177
70639 70654 204
70668 70678 163
70685 70701 47
70703 70719 74
70731 70741 179
70743 70792 141
70752 70789 50
70774 70780 47
70800 70841 109
70823 70824 45
70836 70840 104
70849 70850 111
70876 70895 273
70886 70931 178
70903 70914 219
70903 70935 280
70932 70950 264
70946 70990 211
70976 70982 296
70981 70988 36
70999 71004 30
71024 71044 26
71026 71070 23
71041 71086 55
71051 71075 234
71071 71111 233
71098 71109 272
71109 71127 121
71119 71160 50
71143 71155 152
71172 71196 240
71198 71227 36
71225 71263 289
71235 71250 76
71241 71262 66
71269 71312 292
71290 71323 234
71305 71329 207
71309 71320 3
71326 71375 222
71334 71337 3
71337 71365 81
71344 71391 269
71369 71382 225
71381 71417 231
71405 71435 178
71435 71480 269
71464 71485 273
71481 71523 94
71483 71507 39
71507 71514 209
71525 71539 179
71549 71554 201
71551 71555 64
71581 71589 128
71605 71635 102
71607 71640 9
71632 71667 285
71661 71696 194
71673 71706 215
71674 71703 179
71698 71747 234
71702 71720 62
71726 71729 216
71751 71773 93
71772 71781 117
71779 71816 155
71801 71828 89
71813 71828 7
71813 71843 65
71829 71871 78
71830 71870 221
71856 71867 58
71881 71924 89
71908 71910 252
71909 71954 40
71937 71974 170
71944 71994 74
71945 71962 174
71947 71959 176
71974 71992 265
71981 72003 242
71998 72032 25
72003 72029 166
72025 72032 240
72051 72082 54
72076 72103 53
72097 72115 242
72114 72149 246
72135 72146 38
72164 72195 55
72166 72175 241
72177 72187 9
72189 72203 236
72196 72212 279
72221 72257 138
72222 72259 165
72239 72278 117
72259 72284 25
72284 72297 272
72299 72317 101
72328 72370 20
72358 72386 183
72375 72412 172
72392 72394 108
72418 72465 121
72426 72458 237
72439 72443 132
72458 72487 119
72461 72506 36
72465 72470 12
72478 72507 55
72486 72498 20
72505 72522 274
72529 72575 22
72545 72551 6
72568 72594 44
72582 72614 127
72602 72649 181
72606 72624 253
72628 72678 147
72628 72640 288
72649 72671 281
72664 72694 157
72664 72704 205
72680 72703 14
72704 72732 234
72727 72745 97
72756 72784 189
72772 72795 258
72773 72785 158
72800 72832 231
72818 72834 55
72841 72871 204
72855 72865 154
72880 72894 184
72888 72919 25
72891 72895 250
72899 72948 247
72913 72960 62
72927 72932 81
72928 72962 281
72943 72947 215
72954 72975 293
72984 72989 110
72999 73038 195
73003 73021 179
73027 73048 85
73032 73036 32
73050 73083 65
73065 73087 251
73067 73106 282
73088 73130 221
73097 73115 266
73105 73117 279
73128 73134 180
73135 73169 264
73140 73161 49
73159 73190 187
73159 73174 25
73169 73198 222
73185 73232 228
73187 73234 179
73196 73202 86
73210 73216 270
73219 73249 283
73248 73269 47
73249 73287 277
73254 73304 131
73263 73295 183
73279 73293 203
73305 73316 274
73318 73346 299
73346 73387 200
73348 73353 202
73349 73372 139
73376 73400 205
73393 73418 189
73423 73443 140
73451 73478 288
73477 73487 174
73479 73489 291
73490 73524 263
73510 73555 127
73516 73520 247
73545 73558 157
73551 73562 96
73572 73583 73
73573 73578 63
73573 73619 25
73602 73619 114
73609 73612 88
73633 73662 245
73655 73675 51
73671 73682 284
73677 73685 22
73678 73725 108
73690 73723 290
73695 73715 18
73697 73714 247
73708 73718 168
73712 73716 179
73726 73761 95
73734 73740 39
73735 73745 187
73745 73784 87
73746 73750 235
73751 73780 219
73752 73771 111
73770 73788 47
73784 73794 124
73787 73831 33
73794 73800 124
73818 73863 185
73826 73858 276
73843 73845 234
73848 73850 9
73853 73898 265
73853 73880 29
73862 73881 142
73865 73899 191
73886 73920 274
73907 73949 262
73917 73927 273
73945 73967 107
73961 73963 215
73989 73993 32
74000 74042 163
74016 74065 123
74017 74059 115
74033 74064 254
74048 74053 153
74067 74088 102
74081 74103 162
74103 74104 75
74130 74143 131
74147 74186 272
74155 74156 33
74166 74200 254
74191 74227 204
74220 74227 13
74245 74276 261
74267 74306 270
74284 74333 166
74292 74314 37
74318 74349 44
74324 74344 172
74339 74372 143
74366 74395 4
74392 74424 19
74393 74422 258
74423 74445 278
74423 74428 73
74446 74458 163
74464 74507 36
74492 74493 32
74495 74529 213
74497 74547 157
74510 74551 258
74539 74579 78
74542 74549 30
74553 74568 125
74562 74574 142
74569 74614 229
74575 74619 90
74591 74626 139
74608 74654 184
74629 74656 290
74633 74682 244
74635 74654 164
74636 74646 261
74648 74659 107
74649 74686 198
74675 74708 159
74688 74696 285
74708 74742 86
74727 74741 72
74737 74787 7
74738 74752 292
74764 74808 85
74772 74790 272
74788 74807 127
74818 74833 196
74837 74885 208
74839 74881 90
74851 74869 74
74854 74889 96
74859 74871 47
74871 74895 26
74888 74931 128
74909 74917 290
74938 74952 265
74941 74967 291
74948 74953 38
74970 74974 294
74982 74989 116
75010 75054 169
75039 75074 252
75047 75060 297
75076 75123 237
75090 75129 243
75106 75152 53
75133 75136 30
75133 75135 35
75141 75146 146
75152 75157 55
75173 75175 244
