5000
4 30 139
21 31 143
37 87 163
60 97 41
64 65 213
65 73 59
85 101 265
112 138 180
132 172 130
143 176 10
153 177 216
161 162 152
164 208 208
168 215 213
198 223 81
218 223 253
235 264 172
239 285 39
257 277 206
287 303 65
292 341 212
315 324 251
315 361 154
337 383 13
339 370 76
367 413 154
381 382 290
385 410 199
396 435 139
405 423 148
427 428 139
427 450 299
436 456 2
464 470 47
479 506 50
500 534 81
510 545 193
530 549 277
540 551 248
549 587 97
552 574 297
565 583 192
593 599 244
623 647 56
629 675 95
648 653 69
655 683 248
676 713 103
695 729 177
698 719 179
723 769 249
749 769 5
756 764 95
759 764 113
772 810 34
791 810 154
801 847 166
811 843 299
841 859 186
868 903 161
882 889 210
890 933 11
915 929 107
932 975 94
950 952 7
962 999 105
979 1014 134
996 1026 32
1026 1071 18
1037 1039 178
1059 1098 219
1076 1079 159
1080 1109 299
1094 1116 217
1116 1127 11
1138 1154 30
1158 1178 263
1162 1174 6
1178 1198 69
1190 1207 8
1196 1213 261
1226 1248 260
1238 1261 274
1256 1258 203
1275 1292 235
1290 1340 265
1299 1307 161
1299 1349 16
1326 1339 291
1332 1381 67
1362 1386 182
1375 1400 295
1379 1407 55
1386 1417 195
1412 1433 239
1441 1457 94
1450 1466 194
1466 1495 84
1470 1471 31
1490 1524 141
1519 1569 92
1544 1570 258
1570 1600 117
1598 1602 224
1624 1650 168
1637 1646 157
1639 1654 144
1649 1697 91
1673 1704 296
1690 1699 130
1709 1717 27
1731 1781 47
1731 1746 100
1741 1775 198
1760 1800 276
1765 1769 129
1779 1801 37
1791 1794 46
1808 1847 147
1808 1857 245
1819 1842 231
1844 1877 55
1855 1857 80
1867 1874 44
1890 1915 257
1920 1939 79
1929 1949 275
1950 1988 102
1976 1983 99
1994 1995 249
2006 2043 238
2031 2049 43
2032 2042 138
2052 2093 286
2067 2091 123
2087 2109 183
2097 2142 97
2099 2104 248
2112 2139 259
2112 2119 293
2112 2161 23
2130 2171 261
2133 2172 12
2136 2162 168
2147 2187 216
2163 2186 97
2182 2228 190
2203 2207 29
2227 2244 85
2239 2247 244
2248 2274 274
2269 2271 92
2277 2316 146
2301 2344 155
2329 2373 198
2334 2372 226
2351 2400 71
2374 2383 18
2374 2394 235
2404 2438 128
2418 2448 213
2439 2456 73
2446 2461 289
2463 2470 25
2475 2511 9
2501 2521 198
2501 2530 154
2513 2549 237
2536 2550 222
2555 2605 158
2561 2588 130
2582 2590 78
2591 2609 189
2599 2605 154
2609 2645 221
2627 2659 235
2657 2676 240
2674 2713 266
2685 2692 18
2696 2700 19
2712 2734 266
2736 2780 175
2736 2781 66
2750 2790 110
2761 2807 22
2764 2768 209
2765 2813 238
2785 2803 259
2796 2808 50
2797 2831 150
2816 2837 77
2829 2869 80
2858 2884 226
2870 2880 235
2876 2923 263
2906 2944 298
2916 2958 233
2925 2932 13
2932 2961 189
2948 2988 58
2948 2953 169
2966 2979 71
2981 2997 5
2991 3001 34
2997 3007 193
3012 3054 13
3023 3063 138
3044 3082 92
3073 3079 127
3095 3108 53
3116 3154 228
3118 3154 68
3130 3133 259
3136 3152 27
3151 3176 89
3173 3202 108
3201 3213 76
3221 3258 153
3246 3294 227
3271 3278 78
3291 3299 99
3297 3327 8
3303 3314 90
3332 3355 207
3336 3375 63
3348 3351 224
3365 3380 285
3391 3440 171
3400 3440 214
3411 3455 19
3439 3485 60
3441 3467 12
3450 3496 1
3469 3489 174
3486 3514 243
3488 3531 247
3497 3533 105
3522 3548 243
3528 3537 273
3535 3579 213
3561 3571 192
3566 3601 224
3571 3619 69
3585 3626 240
3597 3608 107
3619 3653 265
3635 3653 117
3665 3678 238
3679 3725 139
3702 3734 171
3703 3739 287
3722 3755 115
3723 3751 91
3750 3775 204
3775 3804 299
3776 3813 190
3792 3816 228
3819 3823 193
3821 3856 228
3833 3854 168
3854 3892 166
3856 3870 20
3880 3883 214
3886 3913 227
3906 3941 219
3923 3963 292
3929 3948 238
3952 3983 250
3955 4000 75
3976 4024 40
4000 4029 58
4028 4044 119
4056 4076 36
4072 4078 64
4080 4108 276
4104 4117 116
4127 4130 233
4127 4136 216
4133 4150 97
4137 4159 99
4158 4193 33
4169 4208 157
4197 4198 47
4201 4226 207
4231 4267 4
4253 4273 71
4277 4286 107
4305 4355 241
4312 4321 281
4317 4326 185
4347 4385 48
4349 4352 91
4360 4368 133
4387 4400 179
4396 4441 37
4414 4444 237
4434 4475 109
4444 4450 224
4445 4470 21
4447 4469 211
4465 4508 156
4471 4513 279
4488 4518 211
4490 4516 210
4499 4512 69
4514 4532 86
4515 4548 256
4537 4555 54
4556 4566 64
4569 4575 20
4572 4614 207
4588 4630 131
4604 4646 150
4618 4657 265
4640 4658 280
4664 4690 196
4686 4707 235
4697 4746 113
4722 4769 210
4741 4765 94
4747 4748 141
4759 4804 42
4761 4766 222
4763 4785 272
4787 4828 55
4813 4836 159
4815 4827 29
4827 4873 236
4833 4848 293
4846 4884 121
4861 4909 205
4880 4909 45
4884 4886 34
4903 4932 163
4927 4972 20
4947 4969 127
4962 4983 88
4968 5018 116
4977 5006 167
5004 5048 61
5021 5058 191
5022 5059 136
5030 5041 215
5059 5082 221
5063 5096 240
5082 5113 195
5107 5142 230
5119 5155 226
5145 5163 118
5173 5198 243
5177 5212 208
5203 5225 165
5219 5229 144
5236 5252 56
5255 5259 44
5273 5323 177
5280 5283 299
5303 5312 188
5319 5353 198
5328 5378 13
5355 5375 146
5385 5391 139
5405 5407 239
5426 5439 20
5433 5450 47
5433 5476 224
5440 5455 83
5445 5495 259
5460 5488 280
5484 5486 157
5488 5515 96
5498 5522 105
5524 5555 11
5534 5573 6
5560 5602 137
5584 5588 143
5594 5607 282
5620 5664 55
5626 5638 81
5632 5671 97
5636 5659 282
5661 5690 145
5666 5693 128
5673 5706 128
5698 5722 72
5701 5739 297
5731 5778 133
5755 5803 269
5780 5814 183
5788 5811 244
5806 5829 251
5827 5834 16
5829 5837 32
5857 5865 88
5883 5917 283
5908 5943 177
5923 5947 85
5941 5970 268
5970 5993 64
5971 5989 210
5988 5990 91
6000 6016 33
6022 6030 270
6043 6068 260
6044 6053 276
6074 6119 33
6101 6108 109
6102 6108 268
6113 6119 167
6130 6157 102
6135 6178 222
6159 6169 112
6179 6223 262
6181 6189 270
6182 6230 134
6201 6235 40
6231 6281 163
6257 6305 154
6271 6313 160
6299 6323 227
6308 6349 214
6310 6327 297
6340 6382 261
6366 6403 217
6377 6388 93
6393 6435 268
6415 6430 276
6440 6457 261
6448 6468 8
6469 6471 263
6481 6511 108
6508 6524 87
6509 6515 62
6528 6536 234
6553 6566 117
6554 6565 27
6565 6602 216
6594 6612 94
6605 6609 251
6607 6629 96
6612 6656 241
6639 6687 54
6662 6670 106
6671 6715 79
6693 6702 224
6711 6741 5
6714 6755 166
6735 6756 146
6756 6763 214
6784 6801 275
6799 6835 95
6816 6866 128
6820 6843 287
6838 6867 5
6840 6881 176
6847 6860 219
6864 6893 198
6880 6927 128
6895 6904 296
6911 6912 136
6934 6941 47
6961 6967 129
6964 6990 60
6972 7008 253
6989 6998 296
7000 7048 152
7024 7051 91
7035 7049 296
7048 7066 156
7072 7089 164
7101 7127 131
7104 7114 269
7130 7142 44
7135 7165 137
7141 7158 246
7166 7206 64
7185 7208 273
7209 7217 254
7217 7260 121
7244 7294 15
7274 7290 47
7291 7311 265
7310 7332 171
7310 7323 173
7319 7368 263
7344 7353 59
7353 7362 31
7377 7399 247
7396 7422 47
7422 7444 20
7448 7487 137
7460 7491 212
7487 7537 25
7499 7526 91
7518 7555 102
7522 7525 110
7552 7589 238
7577 7585 232
7589 7599 37
7610 7650 242
7616 7637 71
7646 7687 177
7676 7700 69
7679 7720 284
7684 7707 180
7703 7724 114
7725 7759 241
7727 7772 261
7742 7775 163
7771 7801 176
7779 7789 2
7803 7829 181
7817 7850 80
7832 7834 214
7838 7866 11
7864 7910 177
7891 7923 155
7917 7957 131
7919 7922 105
7930 7954 234
7940 7972 12
7949 7952 190
7966 7990 184
7989 8000 267
7996 8024 257
8006 8051 295
8019 8028 185
8028 8031 48
8029 8057 141
8052 8053 112
8075 8094 156
8098 8105 233
8125 8138 8
8148 8193 298
8155 8187 218
8177 8227 292
8204 8206 34
8207 8231 97
8232 8259 188
8260 8295 59
8270 8304 201
8277 8287 210
8298 8316 277
8318 8329 152
8344 8356 278
8360 8383 55
8380 8417 169
8392 8435 91
8406 8407 197
8432 8476 294
8461 8468 48
8465 8492 154
8474 8517 4
8499 8527 270
8515 8529 31
8532 8564 195
8545 8564 102
8570 8608 188
8591 8602 248
8600 8613 18
8602 8629 241
8632 8639 64
8649 8691 80
8660 8685 3
8685 8726 120
8707 8718 105
8717 8757 175
8730 8769 258
8737 8786 287
8737 8774 236
8750 8771 175
8759 8786 278
8788 8818 180
8815 8818 281
8836 8885 195
8864 8872 62
8866 8908 64
8873 8908 4
8873 8889 79
8875 8883 219
8880 8917 42
8890 8930 126
8913 8959 38
8915 8933 101
8917 8941 205
8918 8958 106
8942 8978 271
8955 9002 107
8979 8982 204
8998 9020 126
9019 9028 221
9027 9034 243
9040 9068 257
9053 9083 201
9055 9092 40
9081 9097 125
9103 9135 131
9129 9163 57
9149 9186 5
9164 9197 99
9180 9218 134
9196 9225 191
9210 9254 172
9221 9251 212
9231 9264 227
9246 9270 257
9261 9270 3
9262 9300 299
9277 9285 158
9279 9325 87
9299 9342 289
9326 9343 80
9347 9362 266
9362 9409 145
9388 9434 12
9399 9403 209
9426 9430 25
9455 9486 102
9465 9514 154
9483 9512 243
9492 9528 282
9517 9542 222
9537 9577 163
9563 9588 200
9590 9619 138
9614 9659 280
9637 9663 191
9647 9695 137
9647 9695 1
9659 9694 70
9683 9709 159
9693 9698 280
9712 9713 40
9740 9758 226
9765 9780 210
9784 9804 10
9793 9818 96
9815 9822 68
9840 9883 76
9841 9888 238
9856 9906 291
9873 9917 185
9902 9927 265
9910 9960 209
9911 9949 110
9929 9947 168
9951 9953 155
9978 9995 137
9997 10015 156
10020 10038 44
10025 10065 55
10042 10048 120
10057 10081 10
10073 10122 273
10083 10128 40
10086 10133 266
10100 10133 101
10107 10147 87
10107 10153 60
10125 10151 113
10152 10168 237
10166 10183 50
10191 10211 14
10204 10244 25
10215 10256 258
10223 10264 165
10229 10265 76
10232 10241 263
10262 10270 163
10281 10288 7
10295 10327 1
10305 10331 117
10322 10333 95
10328 10346 99
10333 10348 162
10342 10364 298
10352 10364 77
10358 10392 150
10362 10399 49
10392 10410 186
10413 10426 210
10427 10450 288
10445 10473 228
10469 10500 24
10494 10541 21
10522 10570 22
10524 10550 39
10551 10571 293
10572 10608 128
10586 10593 27
10586 10626 212
10593 10594 68
10598 10631 42
10605 10610 15
10631 10646 121
10645 10684 132
10665 10709 222
10666 10668 7
10682 10714 66
10693 10714 11
10708 10724 92
10716 10749 83
10729 10762 264
10745 10775 211
10762 10809 42
10785 10827 47
10794 10805 86
10806 10837 244
10821 10856 164
10851 10875 256
10876 10909 67
10885 10916 150
10888 10913 142
10907 10954 281
10925 10970 130
10951 10955 227
10971 10983 267
10992 11042 45
11009 11042 123
11021 11054 34
11045 11064 74
11061 11088 54
11076 11088 238
11104 11118 169
11113 11126 286
11118 11157 236
11119 11159 89
11125 11157 169
11149 11156 283
11160 11195 139
11176 11220 75
11180 11203 15
11181 11209 236
11181 11229 279
11203 11232 82
11203 11222 141
11225 11251 121
11250 11252 203
11253 11295 263
11271 11305 83
11286 11309 17
11303 11346 3
11329 11348 270
11350 11354 130
11361 11367 210
11370 11394 45
11387 11395 195
11401 11422 191
11430 11456 132
11443 11459 262
11454 11498 156
11456 11485 6
11466 11500 33
11492 11498 15
11516 11534 222
11540 11583 295
11560 11573 268
11589 11593 170
11604 11605 181
11622 11653 192
11635 11650 190
11655 11664 192
11672 11708 1
11675 11685 84
11689 11735 272
11697 11710 120
11704 11738 130
11715 11732 101
11738 11760 267
11759 11798 242
11787 11827 242
11797 11815 145
11825 11859 80
11843 11869 175
11873 11915 249
11885 11933 163
11907 11913 262
11934 11963 89
11944 11978 166
11957 11973 90
11975 11990 99
11998 12026 101
12003 12040 22
12010 12047 17
12016 12051 111
12037 12065 128
12046 12076 241
12046 12058 78
12060 12110 200
12080 12123 299
12081 12124 162
12098 12146 53
12102 12141 296
12128 12145 268
12128 12151 104
12142 12187 206
12142 12144 87
12165 12189 222
12177 12209 68
12205 12211 69
12208 12209 72
12237 12248 99
12264 12306 70
12288 12333 158
12294 12298 169
12305 12323 201
12334 12371 211
12357 12378 129
12376 12405 134
12402 12420 167
12404 12434 11
12406 12440 60
12412 12460 125
12439 12464 160
12440 12446 49
12443 12465 229
12470 12507 37
12483 12504 223
12496 12513 230
12509 12518 230
12534 12581 23
12564 12575 39
12577 12624 1
12607 12646 149
12610 12636 262
12623 12659 202
12630 12654 212
12639 12667 215
12650 12662 173
12654 12671 244
12674 12684 298
12686 12730 87
12691 12717 15
12717 12722 127
12736 12764 226
12742 12745 147
12751 12786 190
12774 12795 133
12797 12812 218
12804 12806 129
12811 12841 194
12819 12861 149
12847 12858 103
12862 12886 219
12863 12885 22
12886 12905 10
12891 12903 167
12903 12949 100
12932 12935 108
12942 12980 31
12971 13012 127
12978 13023 239
13001 13050 177
13007 13029 61
13025 13057 139
13040 13068 212
13063 13097 65
13064 13091 111
13083 13133 139
13092 13108 29
13098 13106 206
13123 13159 134
13141 13185 94
13153 13196 88
13162 13184 204
13186 13221 84
13213 13252 139
13231 13265 40
13246 13248 9
13271 13290 133
13301 13302 236
13312 13334 87
13332 13377 80
13353 13386 225
13379 13426 102
13394 13431 163
13401 13430 157
13422 13455 224
13450 13452 209
13467 13508 231
13488 13495 215
13517 13555 26
13528 13537 145
13550 13551 4
13555 13596 293
13577 13584 62
13586 13633 277
13586 13612 226
13614 13659 72
13640 13658 2
13669 13692 76
13697 13699 23
13722 13766 166
13744 13749 34
13746 13765 112
13762 13764 276
13785 13800 213
13789 13836 131
13813 13851 203
13813 13838 28
13836 13871 224
13845 13858 15
13868 13916 291
13885 13902 40
13908 13921 73
13914 13953 163
13937 13951 231
13947 13973 256
13952 13963 116
13957 14004 210
13973 14022 229
14001 14031 82
14023 14056 94
14031 14032 206
14034 14062 53
14057 14077 99
14074 14098 214
14098 14118 95
14111 14126 27
14111 14151 241
14123 14126 30
14140 14161 115
14149 14199 297
14175 14189 52
14184 14202 173
14195 14245 208
14214 14227 190
14243 14286 172
14268 14303 293
14292 14304 293
14309 14324 179
14338 14388 182
14356 14372 220
14362 14403 126
14366 14379 149
14382 14399 191
14395 14417 84
14412 14427 234
14416 14447 128
14422 14466 224
14435 14467 59
14464 14474 62
14464 14467 253
14466 14514 65
14491 14518 215
14499 14515 12
14515 14544 53
14538 14551 270
14546 14555 33
14569 14582 225
14586 14600 61
14599 14625 172
14621 14625 35
14645 14674 241
14662 14676 218
14672 14695 159
14688 14693 165
14717 14742 176
14746 14765 62
14761 14790 255
14763 14784 11
14791 14833 80
14796 14829 62
14819 14824 264
14849 14850 3
14866 14889 178
14883 14928 179
14891 14906 97
14904 14907 171
14927 14930 162
14948 14957 208
14973 14981 75
14987 14999 15
14993 15024 66
15012 15045 112
15018 15047 81
15041 15046 230
15058 15096 190
15076 15089 267
15105 15123 199
15123 15127 60
15136 15150 26
15140 15179 83
15146 15175 218
15160 15178 212
15183 15193 276
15193 15209 214
15221 15250 53
15227 15263 11
15236 15241 189
15257 15291 70
15262 15265 131
15276 15302 233
15290 15302 153
15296 15323 228
15317 15334 185
15325 15375 111
15337 15357 6
15340 15382 175
15359 15388 38
15389 15408 192
15410 15415 134
15431 15440 117
15444 15492 13
15473 15481 114
15481 15483 200
15483 15527 211
15506 15540 297
15524 15550 170
15547 15588 20
15568 15572 111
15584 15603 283
15590 15633 61
15603 15642 76
15629 15651 92
15659 15708 171
15667 15702 273
15697 15714 126
15719 15757 203
15719 15768 15
15749 15766 141
15755 15800 176
15773 15778 56
15782 15813 146
15800 15845 295
15812 15826 271
15829 15839 215
15849 15893 272
15856 15880 99
15885 15910 214
15910 15933 145
15920 15956 291
15934 15967 170
15935 15969 63
15961 15985 219
15976 15986 250
15998 16045 15
16026 16032 298
16040 16058 25
16050 16057 82
16070 16104 209
16079 16092 106
16093 16142 8
16122 16142 127
16140 16178 54
16141 16178 119
16168 16216 228
16190 16224 24
16191 16239 212
16211 16254 61
16232 16276 160
16244 16294 209
16253 16255 249
16253 16256 187
16274 16314 100
16276 16323 295
16292 16305 184
16301 16319 199
16328 16346 157
16332 16347 179
16356 16401 137
16369 16411 223
16370 16388 257
16392 16419 195
16403 16412 116
16408 16455 33
16427 16438 271
16429 16470 46
16441 16473 183
16462 16483 7
16470 16493 191
16476 16508 244
16478 16503 13
16484 16512 87
16491 16508 163
16521 16544 198
16528 16551 140
16530 16566 289
16558 16579 102
16569 16615 24
16587 16612 97
16602 16619 129
16613 16622 238
16618 16666 207
16628 16676 120
16631 16658 211
16654 16700 61
16676 16691 286
16696 16717 148
16725 16734 175
16746 16780 198
16753 16796 277
16773 16797 269
16803 16834 32
16808 16841 298
16820 16824 58
16845 16894 79
16852 16861 91
16861 16899 16
16890 16912 210
16891 16936 20
16905 16952 5
16917 16960 20
16939 16952 200
16941 16948 245
16960 16967 52
16975 16991 14
16996 17031 96
17011 17058 49
17015 17042 194
17030 17080 114
17052 17053 108
17059 17077 262
17073 17106 262
17101 17132 116
17108 17123 155
17125 17148 149
17134 17183 32
17138 17160 250
17144 17163 158
17153 17178 258
17157 17200 156
17158 17181 118
17175 17209 28
17180 17218 246
17185 17205 204
17197 17214 74
17226 17241 80
17228 17230 250
17232 17262 279
17251 17290 8
17266 17295 23
17266 17289 101
17272 17309 175
17277 17327 132
17307 17336 17
17336 17357 141
17366 17378 221
17376 17385 27
17402 17412 74
17413 17432 185
17426 17433 17
17438 17482 91
17465 17479 80
17488 17500 208
17501 17525 188
17507 17541 117
17536 17569 259
17548 17592 58
17562 17611 7
17564 17573 216
17573 17593 214
17577 17588 59
17598 17612 12
17606 17625 230
17616 17624 13
17634 17637 46
17652 17682 59
17654 17673 26
17674 17698 77
17696 17697 102
17714 17752 121
17735 17782 111
17748 17750 187
17754 17767 25
17773 17795 116
17782 17824 179
17808 17836 107
17822 17853 141
17840 17852 186
17856 17877 94
17880 17889 160
17880 17895 23
17905 17919 15
17932 17944 12
17937 17984 293
17957 17988 213
17987 17993 266
18010 18013 51
18017 18049 29
18039 18086 35
18069 18077 62
18099 18112 90
18113 18125 211
18116 18156 36
18139 18169 248
18163 18182 152
18193 18209 245
18209 18244 221
18226 18251 155
18255 18281 181
18269 18276 141
18270 18319 162
18280 18328 255
18298 18337 269
18319 18329 74
18323 18363 252
18327 18345 120
18349 18381 151
18351 18388 201
18370 18416 285
18377 18425 246
18385 18434 10
18413 18419 93
18422 18438 250
18445 18468 191
18446 18461 164
18467 18496 44
18483 18515 250
18508 18530 180
18529 18537 237
18553 18557 18
18559 18587 127
18562 18576 255
18568 18595 212
18590 18593 77
18606 18625 283
18623 18660 175
18648 18681 177
18665 18708 46
18684 18707 262
18702 18733 195
18730 18771 149
18741 18754 68
18748 18797 169
18762 18770 281
18777 18796 109
18788 18826 36
18798 18820 132
18811 18832 140
18827 18828 254
18841 18847 153
18859 18877 105
18887 18909 172
18897 18945 65
18904 18919 199
18928 18976 209
18932 18980 232
18944 18968 171
18968 19012 267
18973 18989 285
18973 18982 33
18987 19010 94
18995 19034 108
19011 19033 122
19037 19069 30
19039 19054 289
19057 19102 265
19058 19083 242
19077 19086 132
19103 19152 169
19118 19159 194
19128 19137 214
19157 19164 286
19161 19192 177
19163 19182 77
19182 19214 125
19209 19228 85
19219 19238 58
19224 19262 61
19228 19271 13
19254 19304 186
19257 19306 270
19283 19304 149
19292 19337 288
19313 19352 43
19315 19353 15
19334 19377 37
19363 19373 135
19376 19378 174
19404 19421 92
19417 19418 229
19441 19468 186
19448 19484 116
19470 19514 52
19490 19535 121
19513 19535 220
19529 19566 251
19544 19552 11
19570 19587 142
19595 19598 170
19607 19651 105
19626 19674 147
19652 19656 93
19676 19689 46
19682 19708 7
19707 19748 60
19718 19739 168
19747 19796 79
19765 19770 201
19785 19832 190
19802 19833 36
19831 19844 102
19847 19868 101
19877 19904 272
19904 19927 146
19930 19966 69
19932 19946 204
19942 19986 34
19965 19998 205
19982 20020 129
19985 20019 277
20008 20014 260
20021 20047 96
20024 20072 147
20025 20047 158
20034 20063 176
20039 20072 3
20047 20056 192
20050 20087 176
20066 20085 273
20076 20098 20
20092 20142 233
20095 20120 227
20105 20112 168
20121 20122 121
20150 20167 221
20153 20178 80
20157 20165 299
20182 20218 154
20202 20238 17
20228 20242 159
20252 20298 230
20279 20288 191
20309 20331 243
20325 20366 294
20338 20348 2
20339 20388 72
20365 20393 68
20392 20418 298
20411 20459 7
20420 20469 264
20435 20442 153
20451 20471 76
20479 20518 54
20497 20533 260
20524 20565 66
20539 20559 16
20559 20600 153
20583 20632 52
20604 20606 145
20625 20665 217
20639 20644 100
20664 20692 9
20683 20693 117
20684 20710 110
20714 20716 188
20723 20739 148
20742 20760 283
20746 20789 202
20760 20807 64
20786 20799 278
20813 20821 81
20837 20872 76
20852 20888 20
20854 20883 235
20857 20881 171
20878 20912 244
20904 20923 194
20924 20931 196
20949 20980 246
20974 21014 167
20983 21013 167
21005 21038 54
21009 21017 155
21015 21046 165
21027 21036 139
21028 21043 246
21043 21050 223
21046 21084 188
21061 21079 293
21081 21101 40
21088 21094 135
21095 21122 263
21117 21136 171
21138 21151 53
21142 21158 115
21169 21209 95
21197 21211 46
21210 21257 203
21231 21232 81
21248 21260 91
21274 21323 267
21275 21292 116
21292 21307 135
21308 21349 34
21320 21324 134
21324 21371 38
21325 21369 13
21340 21381 149
21343 21346 290
21345 21387 75
21347 21350 159
21353 21365 151
21375 21418 222
21392 21413 193
21416 21466 185
21431 21444 50
21447 21496 97
21463 21468 268
21477 21527 19
21484 21502 90
21496 21499 160
21501 21507 3
21530 21545 215
21560 21604 34
21586 21618 44
21601 21631 275
21628 21672 10
21644 21683 27
21661 21665 117
21675 21678 30
21681 21691 102
21701 21710 34
21701 21749 135
21712 21713 56
21733 21744 129
21737 21744 138
21748 21788 24
21749 21794 72
21769 21815 50
21774 21792 10
21799 21809 43
21800 21830 249
21801 21809 33
21825 21839 294
21853 21877 199
21856 21873 103
21878 21907 49
21883 21893 98
21897 21937 237
21908 21927 58
21915 21960 31
21916 21962 234
21930 21953 241
21935 21967 285
21950 21963 40
21959 21982 221
21979 21998 190
21988 21999 77
22017 22058 40
22030 22041 66
22044 22047 108
22058 22102 298
22069 22079 78
22096 22117 115
22115 22129 177
22121 22139 8
22144 22158 263
22170 22204 180
22187 22231 298
22196 22246 151
22197 22199 229
22211 22212 199
22213 22254 292
22237 22257 8
22240 22267 254
22268 22314 101
22297 22325 136
22314 22362 161
22321 22322 162
22350 22368 292
22373 22377 76
22382 22406 120
22390 22428 99
22391 22423 34
22398 22401 41
22417 22439 233
22433 22463 136
22442 22483 155
22444 22461 217
22463 22504 258
22489 22492 197
22497 22514 251
22526 22549 50
22547 22563 215
22558 22575 84
22586 22622 203
22610 22641 122
22640 22647 78
22662 22688 12
22674 22720 117
22693 22719 172
22709 22742 238
22736 22757 219
22754 22788 221
22766 22791 151
22786 22820 63
22805 22851 180
22820 22862 125
22841 22849 227
22865 22884 14
22887 22910 127
22905 22930 233
22919 22938 146
22931 22947 129
22940 22956 45
22962 22981 112
22975 23008 162
22993 23019 218
22993 23010 16
23018 23028 118
23045 23079 157
23065 23081 122
23079 23115 171
23103 23125 257
23128 23137 225
23133 23137 93
23151 23169 288
23164 23197 151
23194 23221 10
23196 23222 252
23218 23246 15
23229 23247 31
23234 23266 238
23244 23272 160
23268 23302 264
23290 23308 220
23291 23298 51
23292 23327 181
23320 23326 260
23321 23334 128
23333 23356 198
23336 23377 254
23358 23384 255
23372 23422 123
23393 23436 127
23407 23457 21
23410 23457 173
23416 23441 269
23443 23461 98
23453 23470 244
23477 23525 110
23506 23518 81
23516 23540 283
23516 23527 152
23533 23567 98
23546 23580 155
23550 23586 14
23553 23590 90
23559 23608 92
23586 23593 120
23603 23650 27
23611 23616 276
23641 23677 31
23643 23644 220
23648 23691 258
23663 23672 96
23675 23686 188
23694 23710 74
23724 23726 220
23726 23773 275
23755 23768 218
23764 23782 246
23793 23819 77
23803 23822 154
23828 23856 208
23845 23860 129
23875 23901 192
23903 23942 92
23924 23972 233
23947 23952 173
23955 23973 19
23959 23967 227
23971 23987 229
23974 23984 199
23995 24037 77
23999 24008 72
24005 24032 184
24022 24032 187
24047 24069 26
24069 24092 286
24078 24121 241
24099 24111 105
24126 24156 246
24144 24178 20
24166 24175 284
24176 24191 73
24200 24204 111
24221 24236 193
24233 24254 245
24255 24263 297
24278 24284 295
24297 24309 229
24326 24371 297
24333 24374 259
24352 24398 114
24371 24384 101
24384 24417 296
24406 24408 157
24410 24422 34
24413 24438 252
24427 24452 59
24444 24471 126
24447 24458 204
24471 24501 272
24482 24520 71
24506 24512 109
24508 24547 67
24526 24554 156
24545 24567 211
24569 24613 136
24589 24629 175
24616 24646 193
24637 24663 182
24653 24667 169
24676 24710 89
24678 24719 13
24697 24698 284
24713 24753 147
24735 24759 11
24747 24764 169
24771 24786 206
24792 24809 26
24799 24837 176
24820 24844 10
24833 24847 293
24855 24868 17
24868 24890 242
24887 24900 243
24892 24905 15
24908 24938 273
24924 24931 153
24929 24969 246
24952 24986 136
24977 25008 143
25001 25042 138
25019 25043 103
25049 25083 42
25072 25100 267
25090 25107 30
25112 25115 101
25124 25131 30
25134 25171 259
25147 25196 189
25170 25195 112
25177 25196 266
25179 25208 36
25199 25227 118
25219 25264 49
25222 25268 215
25248 25277 151
25248 25294 91
25260 25267 37
25268 25297 43
25285 25320 276
25311 25360 198
25313 25316 273
25330 25365 188
25352 25394 207
25358 25399 239
25376 25383 59
25403 25412 262
25426 25444 29
25454 25469 300
25463 25513 27
25481 25485 16
25484 25498 49
25500 25549 259
25504 25538 251
25504 25543 102
25529 25539 102
25540 25590 266
25545 25562 152
25562 25586 209
25568 25605 194
25597 25642 278
25615 25658 117
25616 25657 20
25622 25633 31
25623 25673 165
25635 25683 276
25651 25654 74
25670 25719 296
25677 25688 243
25697 25731 291
25704 25728 232
25710 25759 91
25737 25785 171
25739 25743 76
25746 25759 239
25757 25760 150
25763 25777 201
25770 25783 260
25789 25839 113
25796 25825 2
25801 25850 229
25812 25844 231
25831 25847 268
25852 25882 142
25878 25922 281
25901 25914 51
25917 25943 31
25945 25946 46
25969 26011 188
25973 26022 248
25978 26028 127
26001 26034 79
26002 26048 13
26011 26058 239
26014 26038 91
26040 26065 259
26064 26073 162
26071 26109 188
26076 26105 157
26098 26108 284
26103 26153 74
26115 26151 70
26134 26174 32
26145 26165 257
26163 26179 60
26184 26229 174
26199 26205 80
26208 26214 67
26217 26236 104
26218 26225 121
26238 26277 177
26241 26285 30
26265 26301 207
26278 26301 185
26287 26301 21
26308 26338 231
26317 26330 49
26328 26329 168
26358 26402 42
26364 26397 35
26388 26420 186
26416 26459 190
26428 26437 235
26448 26493 12
26475 26501 211
26492 26511 289
26502 26535 117
26515 26542 87
26543 26556 78
26556 26571 283
26575 26594 142
26605 26620 74
26618 26655 112
26621 26661 286
26637 26671 46
26640 26664 38
26644 26645 212
26671 26706 244
26690 26709 195
26696 26718 158
26708 26748 228
26732 26777 97
26750 26765 168
26751 26782 226
26779 26821 139
26794 26841 56
26805 26826 134
26823 26836 33
26827 26857 296
26856 26888 105
26869 26878 264
26892 26938 103
26898 26933 80
26907 26934 23
26923 26934 65
26932 26965 53
26957 27002 159
26957 26975 79
26980 27020 273
27009 27039 278
27020 27031 210
27030 27066 102
27030 27067 167
27042 27078 190
27046 27093 168
27054 27063 112
27069 27085 134
27076 27090 102
27076 27103 213
27083 27102 159
27099 27123 159
27127 27157 69
27141 27178 52
27142 27154 281
27160 27165 172
27173 27199 3
27200 27247 257
27221 27236 243
27233 27277 185
27240 27272 273
27249 27275 76
27262 27288 1
27286 27297 32
27289 27319 116
27311 27350 21
27340 27388 162
27359 27372 67
27362 27386 210
27367 27397 65
27376 27386 177
27384 27422 47
27411 27431 126
27423 27465 23
27449 27462 273
27462 27501 42
27487 27512 255
27499 27501 140
27522 27564 210
27550 27551 246
27575 27601 207
27596 27601 273
27604 27605 199
27606 27654 234
27625 27627 141
27632 27638 233
27632 27679 155
27660 27683 52
27690 27692 131
27702 27749 157
27707 27724 240
27718 27745 177
27741 27778 182
27759 27788 117
27768 27781 231
27789 27825 69
27792 27821 201
27816 27836 141
27823 27831 35
27844 27865 39
27848 27897 209
27878 27928 2
27903 27917 262
27909 27911 112
27939 27960 143
27950 27960 180
27972 28019 213
27975 28005 64
27986 27998 200
28007 28037 193
28026 28040 254
28050 28074 168
28059 28075 43
28071 28082 281
28100 28114 10
28120 28125 251
28143 28159 57
28152 28190 238
28157 28182 237
28160 28169 221
28179 28210 263
28208 28228 185
28227 28251 231
28256 28303 96
28269 28270 83
28279 28329 268
28305 28310 215
28312 28355 40
28338 28387 229
28354 28379 249
28355 28380 298
28377 28387 212
28399 28437 137
28410 28436 101
28435 28453 287
28446 28476 47
28449 28488 273
28470 28504 12
28482 28513 244
28492 28512 277
28508 28548 7
28522 28543 120
28523 28530 232
28531 28576 117
28553 28585 257
28579 28615 277
28590 28610 228
28593 28628 198
28608 28613 119
28627 28637 84
28650 28684 183
28652 28680 175
28676 28718 103
28677 28694 91
28686 28726 127
28706 28720 226
28717 28764 18
28743 28759 25
28769 28804 79
28782 28808 222
28806 28817 228
28809 28816 244
28818 28868 26
28843 28893 183
28843 28892 28
28865 28891 146
28894 28936 98
28896 28930 111
28902 28925 145
28914 28922 187
28927 28976 151
28929 28960 203
28941 28954 102
28955 29000 73
28985 29030 137
28997 29028 100
29014 29023 127
29030 29059 154
29034 29046 157
29061 29091 88
29078 29098 60
29106 29142 27
29116 29165 142
29138 29171 259
29143 29146 296
29152 29155 124
29177 29202 227
29199 29229 274
29200 29213 125
29210 29254 46
29226 29257 188
29236 29244 168
29244 29286 51
29268 29290 133
29291 29302 54
29305 29346 39
29313 29327 226
29334 29366 261
29351 29360 146
29379 29426 74
29389 29393 27
29409 29419 3
29410 29414 53
29412 29456 234
29415 29461 180
29424 29461 160
29446 29496 184
29463 29512 196
29480 29515 131
29508 29522 179
29515 29548 149
29526 29571 228
29538 29550 215
29552 29568 178
29557 29594 180
29572 29593 31
29585 29589 47
29586 29616 287
29610 29652 118
29639 29686 237
29655 29663 45
29659 29694 40
29659 29661 187
29667 29692 213
29676 29713 94
29679 29680 108
29706 29713 40
29733 29782 16
29743 29793 72
29747 29762 66
29752 29793 295
29773 29785 79
29779 29826 28
29808 29838 25
29815 29833 27
29838 29848 41
29853 29858 283
29859 29868 103
29879 29922 2
29900 29926 240
29913 29924 41
29933 29964 211
29937 29975 60
29962 29992 32
29979 29981 152
29990 29997 214
29992 30005 299
30015 30034 216
30029 30041 109
30042 30046 262
30055 30072 55
30063 30079 132
30069 30110 243
30082 30127 260
30107 30149 238
30129 30158 85
30143 30162 174
30158 30183 6
30163 30164 2
30188 30222 153
30194 30238 98
30207 30233 124
30216 30222 137
30216 30231 84
30224 30242 282
30241 30250 230
30256 30273 186
30268 30270 280
30276 30303 220
30280 30325 115
30286 30290 244
30300 30304 275
30325 30328 109
30355 30389 90
30357 30400 223
30357 30401 122
30387 30428 182
30392 30413 259
30407 30434 144
30422 30464 239
30437 30455 17
30453 30470 187
30478 30510 162
30508 30531 223
30517 30567 178
30547 30561 122
30548 30556 69
30553 30599 107
30571 30595 223
30586 30608 10
30612 30638 28
30614 30638 50
30629 30654 97
30649 30670 200
30661 30662 186
30674 30688 278
30681 30719 75
30686 30712 34
30701 30743 163
30721 30745 157
30724 30733 166
30753 30765 229
30775 30812 11
30788 30820 295
30811 30842 106
30832 30838 58
30855 30879 65
30879 30895 62
30890 30931 6
30900 30929 188
30901 30927 132
30930 30951 162
30951 30962 8
30971 30983 230
30985 31003 47
31000 31029 43
31028 31050 91
31055 31075 107
31060 31080 177
31081 31116 122
31111 31126 249
31124 31154 101
31137 31185 192
31163 31171 237
31188 31211 299
31217 31239 239
31220 31254 16
31239 31253 145
31257 31303 203
31262 31296 187
31288 31335 128
31310 31313 281
31330 31367 217
31360 31376 166
31384 31405 268
31389 31404 154
31416 31456 113
31440 31483 147
31465 31475 116
31484 31515 178
31491 31532 162
31518 31544 132
31539 31575 264
31560 31578 3
31562 31609 102
31581 31607 268
31587 31632 30
31601 31611 230
31627 31652 121
31641 31674 71
31662 31695 203
31664 31707 196
31682 31705 196
31684 31734 238
31707 31749 297
31708 31753 97
31731 31746 139
31752 31788 141
31765 31805 180
31781 31808 135
31804 31809 277
31817 31821 245
31847 31848 253
31857 31888 176
31884 31898 6
31885 31901 149
31908 31948 130
31926 31954 85
31935 31975 258
31953 32000 107
31960 31974 258
31988 32007 182
32008 32048 79
32012 32048 171
32016 32065 68
32040 32044 60
32061 32071 179
32063 32075 46
32063 32111 119
32068 32094 27
32097 32136 126
32123 32138 289
32125 32135 105
32125 32151 134
32140 32143 187
32149 32186 215
32174 32178 204
32177 32186 225
32196 32200 168
32202 32250 95
32218 32256 268
32240 32260 42
32250 32272 149
32275 32279 194
32280 32314 136
32296 32342 32
32322 32356 60
32339 32351 210
32339 32385 185
32352 32371 33
32358 32360 199
32375 32389 197
32398 32430 242
32426 32450 45
32446 32483 161
32462 32481 236
32486 32524 122
32487 32523 182
32513 32545 42
32534 32551 64
32536 32541 209
32542 32587 151
32569 32593 246
32584 32586 48
32586 32596 45
32591 32628 137
32596 32614 205
32614 32655 12
32637 32643 63
32647 32657 82
32661 32676 38
32682 32715 171
32683 32713 258
32711 32730 291
32711 32753 97
32724 32751 160
32748 32782 161
32759 32787 132
32760 32783 211
32777 32797 158
32802 32816 61
32824 32860 129
32837 32858 212
32846 32869 124
32863 32906 218
32869 32889 208
32892 32934 280
32916 32947 280
32944 32972 193
32950 32992 85
32977 33016 150
32978 33005 118
33004 33030 92
33022 33038 203
33029 33050 27
33031 33073 26
33053 33057 22
33055 33059 145
33063 33083 162
33076 33098 99
33079 33113 73
33088 33132 42
33090 33122 234
33092 33139 111
33102 33134 163
33111 33129 102
33116 33147 167
33118 33153 241
33139 33142 273
33169 33175 38
33173 33202 272
33198 33209 25
33228 33229 163
33247 33261 74
33252 33269 280
33261 33284 4
33288 33318 235
33289 33318 253
33316 33353 73
33344 33376 19
33351 33358 13
33353 33376 80
33383 33432 199
33401 33421 201
33420 33433 214
33428 33464 189
33430 33458 88
33434 33458 12
33459 33507 173
33482 33512 207
33489 33534 36
33512 33549 186
33540 33571 89
33554 33557 264
33572 33580 8
33572 33616 13
33573 33610 276
33603 33637 164
33614 33644 262
33616 33651 278
33627 33628 27
33641 33679 277
33667 33714 5
33697 33729 253
33698 33713 103
33701 33730 116
33723 33761 268
33739 33755 288
33754 33779 26
33754 33759 153
33761 33787 294
33788 33790 261
33813 33844 163
33814 33864 131
33817 33866 154
33827 33830 206
33841 33876 288
33857 33894 28
33879 33890 126
33887 33919 58
33916 33934 2
33930 33968 61
33936 33978 276
33949 33993 80
33960 33989 47
33968 33990 170
33993 34038 68
34013 34054 76
34027 34063 246
34037 34051 145
34039 34066 137
34046 34091 88
34058 34091 197
34081 34105 200
34081 34129 124
34094 34133 249
34114 34145 190
34127 34173 207
34147 34191 237
34147 34181 247
34162 34166 269
34164 34173 277
34182 34203 17
34193 34216 29
34209 34235 149
34229 34264 117
34244 34278 240
34255 34280 267
34257 34277 259
34262 34272 162
34270 34299 100
34279 34291 248
34280 34316 23
34302 34319 165
34320 34363 256
34326 34376 154
34341 34389 161
34365 34400 229
34375 34411 12
34379 34387 93
34380 34410 226
34405 34427 229
34417 34445 35
34419 34431 73
34444 34451 277
34469 34493 254
34480 34498 76
34490 34517 258
34508 34548 224
34531 34579 134
34561 34580 112
34562 34610 204
34580 34617 227
34583 34604 221
34610 34642 231
34626 34641 127
34632 34664 186
34661 34669 110
34680 34719 99
34700 34737 8
34702 34704 203
34716 34742 96
34726 34735 128
34752 34801 134
34771 34780 52
34791 34829 253
34819 34850 167
34833 34844 24
34860 34901 186
34871 34904 204
34894 34944 244
34908 34958 69
34910 34946 122
34932 34933 54
34949 34978 179
34975 34978 28
35000 35016 268
35014 35057 152
35020 35029 156
35032 35034 152
35034 35038 42
35051 35075 211
35080 35118 130
35091 35123 159
35097 35113 59
35124 35146 77
35146 35187 16
35168 35207 160
35183 35221 174
35187 35220 142
35207 35236 217
35222 35269 83
35228 35266 168
35255 35260 198
35271 35303 5
35273 35288 125
35287 35333 6
35294 35326 282
35305 35332 19
35305 35320 215
35315 35355 18
35316 35338 37
35345 35376 276
35348 35393 99
35362 35400 258
35379 35398 248
35403 35431 205
35404 35418 220
35420 35436 197
35429 35459 212
35434 35478 220
35454 35493 268
35457 35460 176
35469 35479 71
35478 35501 59
35482 35523 7
35501 35502 104
35510 35547 165
35536 35562 93
35566 35604 131
35581 35630 5
35605 35610 253
35613 35658 194
35641 35647 48
35647 35653 81
35661 35687 125
35662 35674 171
35686 35729 135
35696 35718 144
35722 35742 243
35746 35751 106
35762 35795 142
35772 35816 152
35801 35832 101
35805 35844 56
35811 35851 291
35824 35864 105
35851 35872 131
35862 35902 210
35862 35880 152
35868 35892 171
35886 35911 131
35887 35927 197
35910 35951 159
35938 35955 179
35940 35979 122
35953 35973 3
35960 35965 35
35981 35993 130
36001 36029 166
36020 36041 18
36049 36052 35
36069 36092 26
36086 36109 208
36091 36112 158
36101 36149 187
36118 36161 4
36129 36142 208
36143 36192 233
36167 36202 123
36182 36214 75
36182 36210 171
36211 36226 234
36232 36236 109
36248 36281 50
36267 36268 296
36297 36339 59
36317 36319 235
36337 36339 2
36352 36368 264
36354 36369 298
36358 36381 49
36377 36380 81
36388 36414 174
36390 36413 178
36410 36446 136
36420 36442 65
36434 36462 25
36438 36485 121
36462 36483 286
36475 36490 181
36483 36501 12
36501 36514 279
36509 36513 260
36533 36571 247
36535 36536 210
36554 36573 169
36576 36625 65
36578 36609 88
36587 36617 235
36597 36604 31
36597 36634 66
36624 36628 173
36647 36668 176
36665 36696 86
36665 36714 81
36689 36695 211
36703 36735 112
36728 36771 216
36753 36784 45
36769 36773 108
36776 36794 114
36802 36814 53
36817 36867 232
36840 36869 43
36864 36884 182
36894 36910 58
36913 36924 168
36925 36954 180
36940 36981 62
36945 36969 104
36974 36999 29
36984 37000 261
36985 37030 46
36997 37006 200
37013 37042 270
37036 37062 280
37054 37091 230
37062 37096 292
37086 37102 179
37097 37137 90
37101 37127 117
37128 37174 120
37137 37152 102
37163 37190 161
37192 37232 108
37206 37243 275
37236 37252 126
37238 37270 234
37261 37275 61
37276 37292 181
37298 37332 64
37326 37363 111
37340 37370 32
37356 37393 59
37362 37378 234
37372 37412 194
37395 37443 213
37414 37461 191
37419 37451 241
37419 37422 6
37437 37440 99
37458 37499 69
37461 37463 56
37461 37483 26
37462 37499 299
37480 37481 98
37491 37521 100
37491 37519 124
37500 37518 234
37507 37511 256
37524 37530 191
37526 37554 198
37554 37572 189
37568 37570 288
37570 37606 160
37578 37579 226
37600 37621 112
37615 37649 78
37638 37650 78
37642 37688 270
37663 37702 51
37668 37684 147
37668 37712 252
37669 37691 159
37679 37684 215
37681 37695 190
37685 37704 96
37697 37703 293
37715 37718 173
37719 37733 72
37739 37777 121
37764 37809 200
37770 37790 289
37786 37787 215
37805 37833 291
37809 37850 141
37827 37856 259
37841 37870 106
37864 37875 151
37867 37883 264
37887 37933 70
37889 37922 16
37899 37940 219
37908 37937 112
37919 37926 153
37930 37969 156
37940 37988 52
37947 37978 48
37952 38001 27
37970 38019 61
37995 38010 50
38001 38046 234
38006 38045 113
38020 38058 74
38021 38042 42
38028 38071 120
38048 38071 3
38054 38067 103
38060 38105 69
38077 38108 31
38084 38131 157
38088 38103 200
38113 38130 206
38116 38131 89
38146 38176 270
38149 38174 116
38179 38206 299
38205 38231 227
38233 38243 161
38233 38257 89
38237 38278 59
38266 38292 87
38267 38279 58
38284 38305 189
38286 38324 15
38287 38323 181
38290 38306 183
38316 38350 175
38333 38363 109
38359 38371 116
38385 38416 138
38410 38444 201
38413 38414 162
38440 38460 286
38455 38465 158
38479 38526 91
38494 38532 166
38522 38539 80
38547 38554 182
38557 38594 273
38580 38588 46
38583 38595 240
38593 38636 136
38601 38616 261
38630 38632 212
38655 38681 72
38679 38721 65
38704 38740 13
38708 38709 92
38730 38773 241
38740 38786 155
38761 38797 131
38765 38790 39
38795 38843 133
38824 38863 5
38847 38887 96
38863 38873 180
38863 38865 63
38869 38906 251
38890 38933 300
38891 38910 207
38921 38928 239
38934 38956 154
38941 38990 255
38958 38979 150
38976 39018 293
38991 39003 223
38996 39046 72
39023 39052 13
39035 39055 144
39061 39075 41
39070 39077 101
39082 39105 260
39087 39131 140
39104 39154 232
39106 39119 235
39110 39119 35
39117 39131 220
39146 39195 264
39156 39183 31
39180 39203 282
39210 39224 84
39230 39255 139
39236 39252 212
39241 39252 300
39267 39273 17
39274 39281 237
39299 39336 136
39326 39349 100
39335 39365 126
39355 39372 260
39372 39381 39
39400 39407 88
39411 39423 175
39418 39446 250
39439 39474 293
39468 39480 63
39493 39513 118
39511 39539 198
39523 39551 299
39538 39586 53
39543 39567 136
39563 39576 22
39590 39627 116
39600 39611 203
39629 39635 155
39647 39662 148
39666 39695 194
39685 39695 147
39693 39711 199
39714 39764 162
39734 39763 130
39762 39764 274
39764 39774 139
39766 39789 173
39793 39818 181
39796 39837 90
39808 39832 20
39823 39834 118
39847 39891 284
39872 39915 38
39874 39906 7
39875 39891 275
39883 39916 171
39899 39901 16
39904 39932 103
39930 39963 94
39935 39952 168
39948 39985 273
39964 39997 149
39980 39981 8
39993 40020 211
40015 40042 77
40021 40059 277
40041 40056 131
40069 40081 119
40094 40128 95
40102 40147 280
40120 40144 278
40143 40164 151
40167 40198 70
40172 40197 88
40192 40234 189
40220 40264 62
40249 40250 132
40249 40254 187
40273 40307 102
40274 40287 90
40297 40312 215
40298 40313 2
40308 40336 281
40322 40346 108
40340 40390 257
40349 40397 21
40359 40369 86
40365 40409 201
40389 40406 93
40416 40423 36
40443 40485 160
40444 40445 77
40464 40494 15
40473 40478 255
40479 40525 164
40494 40513 283
40494 40522 7
40501 40520 257
40530 40568 58
40558 40560 239
40572 40574 145
40589 40605 240
40596 40646 73
40613 40653 187
40643 40683 71
40669 40706 250
40681 40686 202
40710 40725 278
40710 40721 56
40727 40755 168
40739 40747 178
40761 40775 129
40762 40783 299
40788 40813 185
40791 40820 198
40812 40819 159
40821 40848 73
40848 40893 111
40870 40896 260
40898 40926 119
40921 40959 64
40923 40973 29
40937 40943 220
40946 40984 155
40955 40974 52
40971 40987 236
40971 40991 93
40985 41029 122
41013 41046 34
41024 41030 256
41030 41074 106
41043 41048 298
41062 41099 207
41076 41091 218
41083 41130 47
41111 41119 91
41113 41160 8
41128 41136 159
41153 41168 238
41172 41215 277
41173 41212 37
41197 41210 255
41205 41236 118
41231 41249 223
41249 41285 261
41268 41317 274
41296 41331 32
41322 41323 14
41334 41346 118
41352 41360 182
41369 41416 177
41396 41417 86
41422 41466 142
41437 41449 183
41455 41463 147
41465 41499 129
41487 41488 285
41502 41519 134
41531 41553 167
41544 41571 212
41547 41562 139
41573 41619 238
41577 41591 177
41582 41622 279
41590 41640 247
41619 41642 299
41620 41665 182
41622 41647 132
41630 41679 182
41632 41679 297
41642 41661 108
41655 41668 194
41676 41685 265
41701 41750 164
41727 41777 137
41728 41741 91
41739 41788 123
41752 41755 149
41765 41813 188
41787 41819 69
41806 41841 278
41809 41834 3
41822 41863 245
41832 41839 51
41854 41864 13
41873 41887 267
41892 41936 18
41912 41927 88
41932 41945 76
41954 41980 172
41959 41992 202
41976 41995 139
41989 42011 103
42001 42031 4
42023 42031 179
42037 42050 222
42051 42088 168
42066 42079 261
42073 42103 63
42099 42101 89
42129 42157 200
42137 42162 183
42152 42153 230
42179 42223 181
42189 42237 9
42195 42232 294
42195 42245 36
42221 42226 138
42233 42264 252
42244 42253 124
42270 42300 102
42287 42290 2
42315 42317 211
42318 42361 203
42326 42345 28
42336 42353 274
42355 42402 72
42376 42382 74
42386 42435 202
42388 42425 128
42416 42459 72
42433 42452 243
42444 42458 279
42453 42477 199
42458 42490 93
42479 42529 234
42485 42505 35
42506 42516 134
42515 42518 139
42533 42582 128
42551 42554 93
42566 42586 217
42576 42618 277
42602 42652 263
42630 42660 136
42633 42635 84
42633 42642 188
42657 42681 26
42657 42672 273
42658 42694 216
42685 42688 229
42710 42755 189
42733 42770 63
42733 42778 224
42737 42764 235
42750 42764 38
42780 42796 242
42806 42838 204
42826 42855 6
42846 42892 158
42853 42899 47
42873 42909 88
42902 42952 240
42928 42963 284
42931 42934 162
42957 42990 225
42957 43004 291
42975 42989 291
42990 43023 11
42997 43038 70
43003 43053 117
43006 43017 167
43020 43024 18
43028 43078 133
43032 43040 234
43039 43047 267
43059 43093 160
43071 43113 72
43090 43133 190
43111 43121 227
43112 43143 184
43127 43152 119
43130 43160 97
43155 43163 270
43158 43172 204
43166 43213 291
43183 43192 204
43202 43243 6
43229 43242 108
43253 43295 57
43280 43304 165
43294 43321 217
43310 43338 10
43326 43370 64
43351 43396 74
43375 43416 231
43403 43436 135
43426 43472 113
43426 43438 239
43429 43440 219
43449 43463 80
43459 43499 118
43480 43514 214
43491 43517 69
43518 43542 275
43521 43534 224
43543 43548 265
43547 43554 7
43561 43603 2
43581 43615 146
43609 43633 115
43635 43668 228
43654 43693 218
43668 43677 221
43680 43694 164
43688 43711 197
43695 43733 30
43724 43742 113
43727 43750 293
43751 43785 90
43762 43783 29
43787 43815 239
43816 43853 121
43832 43877 241
43850 43864 260
43863 43911 293
43884 43933 151
43907 43940 188
43909 43923 193
43919 43925 244
43931 43967 1
43952 43972 68
43980 44027 248
44010 44011 5
44011 44017 225
44022 44052 64
44030 44077 247
44055 44060 50
44083 44085 46
44087 44116 133
44108 44137 44
44120 44135 130
44145 44186 202
44157 44204 14
44169 44215 126
44192 44234 66
44206 44232 172
44223 44255 275
44236 44279 252
44262 44285 122
44289 44325 54
44301 44335 170
44318 44355 197
44328 44335 244
44357 44393 39
44370 44374 152
44399 44427 99
44407 44440 101
44433 44481 43
44438 44479 13
44459 44482 29
44474 44514 295
44501 44525 1
44513 44536 297
44515 44552 99
44528 44539 142
44558 44582 109
44569 44575 173
44583 44623 271
44600 44626 204
44601 44615 166
44619 44628 184
44646 44669 126
44661 44709 210
44671 44684 224
44687 44697 286
44708 44737 178
44724 44736 213
44739 44761 261
44754 44759 135
44759 44777 283
44785 44818 252
44789 44812 13
44817 44831 291
44835 44851 257
44854 44859 47
44882 44891 207
44907 44921 291
44910 44941 197
44926 44934 212
44950 44981 51
44980 44990 217
44982 44987 5
45006 45017 114
45028 45040 272
45029 45069 199
45035 45062 235
45065 45078 194
45079 45126 282
45093 45120 1
45098 45136 143
45100 45111 299
45116 45140 19
45131 45152 76
45160 45164 12
45189 45235 260
45216 45249 278
45231 45272 53
45232 45241 48
45239 45282 30
45250 45263 140
45275 45302 291
45304 45340 50
45305 45342 87
45306 45343 171
45317 45338 95
45347 45391 202
45351 45356 24
45357 45388 10
45364 45376 119
45375 45413 281
45401 45412 63
45423 45456 278
45441 45467 255
45462 45486 209
45474 45496 40
45489 45528 74
45498 45534 233
45507 45523 246
45537 45547 294
45548 45566 140
45558 45594 103
45585 45598 249
45590 45602 273
45618 45659 129
45625 45672 56
45649 45678 73
45657 45685 115
45672 45700 40
45692 45736 263
45711 45713 156
45736 45782 167
45760 45795 67
45782 45799 168
45812 45821 178
45842 45850 6
45859 45863 126
45869 45904 165
45895 45941 48
45924 45932 196
45942 45988 216
45942 45984 224
45969 45993 44
45974 46004 155
46003 46027 101
46017 46039 192
46018 46026 96
46023 46068 152
46041 46086 103
46046 46063 63
46050 46063 291
46076 46121 94
46102 46115 150
46104 46110 206
46111 46127 104
46140 46163 107
46166 46173 282
46169 46187 152
46194 46239 160
46205 46235 295
46208 46234 243
46228 46272 161
46234 46257 198
46248 46275 284
46277 46299 143
46281 46304 26
46296 46305 68
46322 46325 288
46341 46347 225
46371 46379 256
46377 46406 227
46391 46413 227
46395 46396 287
46410 46459 34
46410 46423 9
46437 46485 67
46457 46463 277
46462 46490 144
46478 46502 52
46486 46510 7
46507 46542 76
46523 46562 115
46544 46559 168
46566 46595 88
46591 46619 166
46617 46637 236
46624 46639 298
46654 46695 218
46661 46679 139
46663 46706 200
46674 46707 8
46686 46691 19
46688 46729 187
46703 46731 23
46724 46759 190
46738 46776 106
46745 46761 47
46757 46778 208
46784 46813 229
46802 46844 98
46804 46846 79
46820 46835 282
46834 46842 52
46838 46874 261
46842 46868 284
46845 46890 163
46872 46902 135
46902 46945 35
46907 46917 215
46935 46950 79
46951 46956 195
46967 46977 129
46997 47030 115
47011 47061 199
47037 47043 243
47041 47082 177
47042 47060 299
47047 47067 234
47067 47085 293
47071 47121 9
47083 47129 63
47100 47119 53
47125 47171 263
47138 47160 236
47146 47158 247
47151 47159 274
47178 47184 1
47199 47228 237
47216 47252 248
47218 47249 51
47239 47260 201
47254 47291 263
47264 47293 80
47287 47332 51
47302 47316 208
47310 47350 277
47322 47369 31
47336 47384 107
47350 47357 171
47370 47418 89
47370 47375 211
47374 47421 6
47402 47436 158
47407 47433 45
47431 47447 143
47439 47459 29
47453 47485 117
47478 47487 281
47486 47536 247
47507 47512 276
47526 47572 88
47533 47578 118
47544 47568 183
47566 47582 252
47585 47621 58
47587 47626 68
47600 47618 10
47607 47651 52
47616 47654 45
47628 47662 201
47637 47638 124
47661 47672 204
47661 47707 89
47674 47706 299
47680 47681 41
47705 47754 9
47723 47740 65
47747 47756 193
47748 47766 72
47758 47798 75
47763 47808 268
47793 47816 233
47808 47837 106
47822 47859 99
47843 47857 270
47843 47846 225
47867 47886 280
47887 47918 91
47889 47931 12
47899 47906 263
47920 47934 254
47925 47958 87
47942 47949 169
47949 47997 21
47976 47989 157
47980 48009 11
47992 48018 171
48014 48038 182
48020 48044 277
48035 48082 262
48058 48084 100
48085 48087 144
48091 48099 104
48092 48097 73
48095 48119 203
48107 48142 27
48111 48153 163
48117 48133 232
48136 48138 205
48136 48151 283
48157 48191 242
48166 48192 169
48169 48215 223
48171 48195 130
48172 48198 274
48194 48212 42
48213 48255 264
48225 48239 66
48228 48268 56
48242 48275 143
48262 48310 172
48271 48309 268
48277 48288 194
48278 48293 295
48286 48292 16
48301 48341 237
48313 48314 152
48321 48337 223
48348 48353 243
48360 48391 300
48377 48406 7
48380 48401 140
48383 48405 241
48407 48408 85
48412 48415 209
48426 48461 271
48446 48470 158
48468 48492 220
48486 48516 104
48493 48515 12
48494 48512 28
48517 48543 293
48531 48544 30
48539 48548 173
48563 48595 231
48567 48592 37
48569 48589 198
48582 48584 227
48601 48641 264
48614 48619 89
48616 48627 126
48617 48622 166
48644 48664 276
48663 48670 221
48670 48679 286
48696 48707 174
48726 48764 78
48730 48732 22
48749 48773 101
48761 48763 104
48763 48784 286
48788 48838 80
48808 48856 156
48831 48881 241
48858 48908 232
48864 48896 193
48868 48899 63
48886 48930 89
48887 48927 230
48903 48925 38
48926 48966 160
48947 48958 232
48954 49001 101
48969 49005 117
48995 49026 80
49008 49014 224
49011 49050 40
49027 49056 108
49047 49056 62
49062 49072 279
49078 49087 240
49088 49119 274
49092 49122 174
49113 49159 108
49134 49145 74
49135 49167 256
49156 49167 2
49159 49166 113
49187 49210 91
49212 49251 67
49218 49253 224
49238 49260 110
49243 49261 3
49258 49301 117
49277 49306 12
49297 49309 49
49306 49330 213
49314 49326 262
49341 49344 2
49352 49372 222
49362 49405 95
49384 49417 241
49411 49451 97
49436 49484 36
49464 49513 93
49467 49482 54
49479 49488 116
49481 49500 290
49483 49512 215
49507 49545 41
49529 49549 82
49558 49559 156
49581 49610 18
49605 49636 79
49606 49643 41
49629 49660 25
49645 49689 185
49673 49719 296
49677 49683 175
49694 49720 51
49714 49749 197
49739 49779 221
49765 49815 266
49768 49803 252
49789 49809 179
49791 49841 76
49819 49829 291
49838 49856 277
49841 49881 42
49862 49891 258
49862 49876 62
49862 49892 1
49876 49881 53
49888 49901 77
49916 49947 202
49942 49979 133
49944 49957 254
49950 49968 207
49964 49989 2
49989 50014 260
50017 50047 22
50039 50040 75
50069 50111 107
50081 50131 298
50097 50144 12
50098 50131 195
50128 50165 130
50143 50173 141
50150 50151 209
50156 50197 165
50170 50199 38
50189 50210 247
50195 50236 5
50219 50240 124
50249 50296 273
50260 50289 35
50287 50291 40
50301 50309 59
50303 50309 77
50303 50327 165
50313 50361 111
50320 50340 78
50342 50371 84
50365 50409 270
50394 50427 249
50402 50452 248
50411 50438 294
50417 50465 249
50441 50463 3
50447 50465 115
50476 50499 275
50494 50518 221
50516 50518 215
50536 50560 40
50555 50560 57
50576 50592 142
50605 50637 29
50631 50639 143
50648 50657 263
50654 50675 30
50661 50694 84
50686 50718 287
50689 50736 104
50712 50759 15
50742 50745 129
50768 50779 249
50786 50792 100
50790 50836 127
50796 50820 78
50806 50854 264
50826 50841 82
50836 50878 240
50849 50870 267
50851 50878 194
50864 50867 23
50875 50881 165
50886 50925 2
50909 50916 158
50913 50935 27
50924 50951 33
50926 50929 173
50951 50959 47
50977 50999 203
50999 51020 199
51009 51025 233
51017 51059 160
51025 51058 261
51054 51082 37
51076 51125 68
51099 51114 180
51106 51129 198
51128 51161 88
51140 51169 173
51140 51154 241
51160 51198 137
51162 51190 133
51187 51227 188
51205 51219 291
51235 51254 20
51246 51290 253
51272 51291 13
51274 51287 200
51281 51317 41
51302 51328 133
51310 51341 135
51317 51328 128
51339 51379 166
51364 51388 222
51369 51372 131
51379 51400 33
51380 51404 283
51397 51435 72
51408 51432 46
51434 51463 84
51455 51459 261
51478 51488 251
51495 51524 260
51520 51568 129
51526 51573 251
51545 51580 113
51558 51568 203
51584 51606 264
51607 51613 181
51610 51614 241
51632 51665 82
51655 51702 202
51680 51702 84
51686 51719 5
51701 51740 64
51717 51725 84
51728 51753 272
51742 51748 262
51760 51789 45
51790 51804 254
51815 51853 189
51816 51845 215
51823 51873 155
51839 51865 276
51863 51875 279
51884 51931 163
51895 51920 285
51900 51922 97
51921 51970 45
51938 51980 28
51956 51998 206
51963 51996 276
51990 52022 31
52020 52033 193
52041 52051 107
52061 52090 76
52068 52115 296
52076 52090 136
52087 52132 170
52087 52106 244
52110 52160 165
52133 52161 54
52151 52181 101
52160 52180 139
52166 52211 280
52194 52237 167
52206 52224 119
52236 52264 37
52251 52268 265
52263 52296 212
52268 52278 179
52295 52303 102
52321 52351 299
52330 52352 238
52341 52369 78
52359 52390 84
52359 52398 27
52360 52380 99
52380 52412 189
52389 52404 40
52402 52424 140
52424 52470 186
52427 52444 296
52442 52457 100
52465 52504 241
52476 52484 222
52482 52520 73
52504 52511 35
52512 52529 208
52537 52566 265
52554 52593 263
52563 52575 1
52578 52600 221
52585 52625 184
52600 52647 235
52621 52626 225
52632 52654 185
52646 52658 38
52665 52703 45
52674 52712 91
52693 52727 45
52706 52719 267
52731 52776 108
52756 52798 283
52765 52776 287
52795 52796 34
52801 52833 186
52814 52857 84
52842 52878 300
52862 52903 164
52863 52878 235
52893 52934 270
52912 52917 227
52942 52983 206
52950 52990 293
52958 53004 189
52975 53015 299
52994 53043 154
53019 53040 59
53034 53048 226
53052 53087 179
53063 53099 52
53068 53112 71
53070 53079 63
53083 53123 258
53110 53141 290
53131 53150 107
53132 53145 138
53152 53154 168
53174 53223 132
53191 53219 184
53214 53238 14
53230 53240 12
53237 53260 255
53253 53299 114
53281 53297 34
53284 53324 131
53306 53345 129
53310 53350 203
53324 53335 141
53325 53329 46
53328 53346 132
53356 53369 297
53378 53383 17
53380 53392 274
53397 53405 157
53406 53421 112
53420 53452 201
53444 53493 4
53450 53464 164
53455 53456 242
53472 53483 62
53478 53486 229
53508 53529 75
53533 53581 186
53561 53587 271
53577 53590 169
53582 53626 182
53596 53615 234
53598 53608 37
53615 53652 139
53619 53629 230
53632 53679 203
53641 53691 206
53659 53686 94
53676 53720 116
53691 53728 240
53694 53728 173
53704 53732 196
53729 53753 178
53729 53763 100
53748 53761 102
53759 53763 73
53774 53780 175
53796 53836 140
53804 53830 187
53829 53866 70
53847 53893 224
53865 53896 36
53879 53882 253
53909 53919 240
53934 53944 180
53950 53953 209
53952 53988 191
53971 53987 290
53988 54007 196
53996 54020 169
54023 54060 139
54032 54040 101
54037 54075 93
54062 54090 170
54091 54111 108
54118 54131 136
54122 54149 236
54144 54194 167
54154 54186 34
54159 54171 14
54182 54191 258
54187 54209 130
54192 54196 146
54206 54251 44
54213 54241 10
54241 54284 47
54268 54288 132
54282 54322 78
54307 54317 31
54327 54361 153
54338 54384 241
54367 54390 1
54382 54385 266
54411 54421 171
54426 54435 140
54441 54485 176
54449 54470 171
54465 54480 288
54488 54489 59
54500 54550 53
54509 54534 125
54529 54573 102
54540 54569 119
54546 54583 207
54554 54569 110
54562 54583 138
54585 54589 37
54597 54608 162
54612 54632 7
54623 54634 184
54649 54693 65
54673 54690 92
54675 54707 95
54703 54749 131
54720 54765 213
54726 54741 44
54740 54742 48
54742 54779 197
54755 54795 277
54757 54761 110
54774 54821 108
54780 54794 259
54795 54803 105
54821 54822 172
54846 54851 292
54866 54896 258
54881 54924 101
54909 54912 8
54937 54956 265
54948 54979 195
54976 54996 25
55004 55028 42
55016 55028 290
55043 55059 271
55048 55057 61
55061 55100 207
55084 55098 169
55114 55122 238
55125 55170 51
55143 55144 150
55144 55149 225
55157 55192 208
55186 55223 87
55211 55261 212
55240 55279 244
55266 55276 57
55295 55335 147
55314 55321 239
55316 55322 108
55325 55342 54
55350 55380 209
55357 55361 211
55359 55396 59
55369 55388 108
55385 55395 236
55399 55410 25
55416 55464 273
55438 55487 242
55465 55472 31
55483 55526 12
55506 55533 262
55525 55541 71
55526 55567 144
55555 55579 211
55579 55618 169
55600 55603 46
55616 55653 125
55643 55659 214
55647 55670 150
55647 55672 111
55647 55675 15
55660 55689 8
55678 55693 86
55678 55700 299
55687 55698 163
55696 55726 25
55717 55748 69
55732 55782 145
55747 55793 212
55761 55779 298
55765 55791 197
55782 55825 51
55804 55835 255
55820 55832 238
55840 55858 10
55841 55845 18
55841 55878 218
55847 55855 86
55866 55871 200
55893 55899 172
55914 55950 226
55917 55930 126
55943 55979 290
55943 55945 84
55947 55988 59
55955 55979 183
55971 56018 260
56001 56031 268
56001 56041 192
56024 56049 231
56054 56083 64
56074 56084 240
56082 56105 40
56089 56131 181
56106 56153 119
56126 56175 118
56129 56169 221
56129 56130 255
56146 56172 182
56161 56162 60
56191 56225 55
56198 56240 89
56227 56268 228
56245 56292 293
56270 56299 147
56295 56338 58
56308 56323 290
56336 56367 276
56358 56402 256
56362 56381 217
56377 56423 63
56407 56450 34
56422 56445 14
56424 56473 66
56426 56461 122
56428 56478 182
56428 56459 213
56449 56477 149
56451 56500 167
56467 56472 216
56485 56490 40
56511 56522 258
56511 56542 97
56529 56565 76
56537 56585 118
56545 56559 167
56562 56567 153
56581 56595 253
56592 56634 99
56613 56645 40
56638 56665 260
56641 56690 210
56646 56669 145
56654 56659 226
56657 56684 42
56684 56711 238
56690 56699 1
56706 56709 166
56732 56752 84
56734 56756 190
56753 56793 232
56757 56792 217
56763 56783 230
56786 56815 144
56790 56826 145
56813 56843 179
56834 56865 235
56857 56892 114
56877 56878 20
56878 56909 6
56905 56947 127
56914 56957 282
56934 56971 62
56941 56983 280
56945 56965 80
56950 56982 213
56963 57000 217
56987 56993 237
56997 57031 115
57025 57066 286
57054 57071 66
57077 57085 82
57084 57086 167
57102 57119 177
57125 57131 96
57147 57185 180
57166 57183 227
57175 57222 23
57185 57232 22
57215 57239 201
57243 57288 211
57247 57272 103
57259 57283 25
57281 57316 167
57302 57343 256
57307 57357 66
57325 57327 77
57332 57340 205
57353 57362 183
57354 57395 102
57367 57387 129
57389 57414 218
57404 57441 215
57418 57430 238
57421 57467 216
57445 57481 65
57453 57454 217
57471 57480 82
57496 57504 87
57506 57512 15
57506 57532 180
57526 57539 295
57534 57546 67
57555 57584 221
57564 57608 89
57579 57616 9
57592 57595 207
57615 57630 237
57641 57651 1
57663 57695 20
57667 57707 60
57672 57714 267
57682 57723 120
57708 57751 119
57737 57767 177
57760 57808 16
57783 57784 202
57812 57815 157
57823 57861 110
57840 57890 180
57848 57870 118
57872 57916 12
57875 57902 20
57878 57913 92
57884 57887 47
57885 57934 24
57889 57910 5
57900 57912 266
57928 57960 56
57957 57990 119
57957 58007 213
57973 57999 250
57986 58018 92
58005 58007 211
58028 58032 92
58039 58056 274
58059 58089 297
58085 58103 63
58108 58131 198
58110 58143 260
58122 58148 50
58127 58143 98
58141 58148 101
58147 58153 170
58152 58170 91
58169 58175 216
58172 58184 157
58181 58190 136
58186 58188 288
58215 58240 177
58234 58241 139
58251 58259 157
58257 58289 254
58283 58307 253
58304 58314 162
58319 58367 283
58325 58357 145
58330 58347 213
58343 58344 171
58366 58382 147
58370 58419 107
58393 58431 258
58418 58441 10
58432 58464 114
58460 58462 90
58489 58503 252
58497 58539 24
58511 58512 68
58519 58543 62
58536 58547 218
58546 58557 92
58554 58596 145
58562 58567 141
58583 58611 120
58596 58638 141
58611 58612 169
58639 58660 23
58657 58676 109
58684 58696 115
58714 58730 62
58725 58763 8
58747 58761 90
58769 58781 258
58782 58814 104
58793 58803 290
58810 58831 79
58813 58844 181
58835 58855 250
58854 58901 66
58875 58889 214
58902 58937 24
58914 58941 232
58944 58949 281
58945 58954 292
58971 59009 6
58971 58980 9
58983 58991 121
59007 59039 222
59027 59049 269
59057 59100 200
59061 59075 282
59071 59099 87
59072 59111 103
59090 59094 62
59119 59125 268
59147 59173 10
59150 59165 100
59164 59181 110
59173 59176 209
59190 59237 132
59202 59235 250
59225 59274 46
59228 59232 13
59249 59273 78
59273 59287 230
59282 59289 39
59285 59321 123
59308 59337 250
59309 59351 281
59320 59368 277
59337 59371 130
59349 59373 167
59376 59423 163
59392 59398 94
59409 59412 64
59436 59445 102
59439 59454 164
59453 59479 265
59482 59513 246
59498 59530 172
59517 59555 136
59537 59542 291
59546 59553 227
59566 59602 11
59575 59594 1
59585 59600 147
59606 59643 245
59632 59639 75
59637 59664 82
59640 59643 169
59655 59656 103
59672 59717 2
59688 59690 61
59717 59734 9
59736 59764 48
59753 59793 218
59758 59760 84
59785 59835 3
59797 59823 3
59818 59819 175
59826 59861 114
59832 59876 97
59849 59895 196
59864 59888 53
59883 59888 264
59909 59932 206
59917 59950 239
59927 59931 147
59948 59954 193
59977 60024 150
59987 60014 210
59996 60004 120
60010 60060 39
60018 60032 137
60048 60089 42
60073 60106 99
60080 60117 145
60105 60110 6
60118 60133 158
60118 60168 219
60136 60139 52
60139 60155 217
60145 60157 215
60173 60203 171
60185 60216 238
60187 60196 161
60217 60234 19
60220 60249 176
60222 60269 251
60224 60232 35
60239 60242 67
60266 60310 132
60286 60289 20
60289 60317 102
60306 60335 111
60314 60325 193
60318 60352 252
60343 60384 113
60353 60367 151
60370 60420 138
60390 60395 244
60409 60418 100
60414 60445 78
60416 60418 69
60418 60434 128
60420 60443 231
60432 60460 123
60458 60482 131
60486 60492 173
60510 60527 235
60533 60582 84
60562 60580 250
60587 60623 162
60607 60640 141
60626 60653 96
60638 60649 9
60665 60699 55
60676 60719 125
60695 60743 137
60709 60744 66
60719 60754 144
60734 60757 168
60762 60798 156
60777 60819 159
60787 60797 268
60796 60813 35
60826 60872 123
60856 60867 283
60879 60894 152
60893 60926 286
60923 60955 249
60928 60955 124
60938 60949 43
60954 60982 36
60960 60988 272
60967 60969 30
60967 60986 194
60996 61017 61
61026 61031 12
61036 61063 149
61054 61060 2
61082 61119 194
61108 61124 65
61123 61135 193
61131 61160 59
61145 61151 152
61165 61206 83
61165 61201 164
61186 61201 214
61193 61239 266
61198 61213 157
61199 61232 278
61213 61236 192
61241 61256 119
61261 61291 289
61271 61304 186
61288 61291 186
61291 61321 53
61304 61306 296
61321 61333 72
61323 61363 144
61328 61334 206
61351 61370 98
61352 61372 42
61372 61402 267
61402 61419 57
61415 61417 153
61439 61444 271
61468 61475 7
61495 61538 170
61522 61566 251
61527 61577 47
61530 61534 270
61543 61580 139
61562 61568 56
61574 61615 178
61589 61615 42
61617 61661 188
61622 61627 70
61648 61696 73
61658 61683 110
61668 61670 236
61687 61709 131
61714 61748 167
61717 61719 202
61722 61758 127
61741 61745 90
61769 61809 46
61774 61823 235
61792 61822 122
61811 61812 48
61839 61877 23
61844 61864 164
61850 61890 270
61867 61908 23
61873 61874 268
61895 61912 27
61903 61939 51
61932 61944 155
61950 61983 191
61965 61977 52
61994 62000 104
62023 62043 131
62030 62050 1
62034 62036 173
62050 62072 174
62057 62096 107
62060 62089 277
62066 62072 119
62077 62100 289
62101 62132 39
62121 62141 272
62129 62133 293
62157 62159 228
62163 62185 168
62172 62176 90
62195 62217 85
62199 62200 66
62205 62212 236
62214 62264 233
62236 62261 93
62250 62262 173
62278 62313 247
62292 62332 84
62309 62320 114
62324 62349 232
62330 62368 195
62334 62372 81
62348 62380 109
62372 62373 171
62373 62407 21
62386 62414 78
62414 62432 54
62436 62478 133
62438 62469 143
62455 62492 134
62483 62515 111
62489 62490 288
62499 62535 182
62502 62544 268
62521 62539 136
62533 62565 57
62560 62575 129
62560 62568 114
62567 62594 171
62578 62591 269
62594 62609 286
62610 62639 255
62639 62672 13
62667 62676 255
62681 62729 62
62706 62719 219
62733 62773 286
62758 62767 291
62765 62805 264
62794 62813 208
62806 62836 50
62813 62835 149
62824 62872 185
62832 62871 205
62837 62869 70
62841 62863 233
62868 62892 13
62895 62934 282
62921 62953 217
62944 62978 47
62958 62972 260
62972 63002 240
62982 63010 131
62999 63049 275
63009 63059 139
63037 63043 147
63065 63074 225
63066 63108 298
63067 63096 169
63071 63072 214
63088 63097 145
63101 63151 124
63125 63128 139
63152 63174 85
63181 63203 10
63204 63220 217
63219 63260 212
63231 63251 298
63234 63235 244
63263 63300 81
63264 63284 217
63266 63290 224
63274 63292 14
63282 63289 8
63306 63337 208
63330 63361 105
63340 63369 271
63349 63377 46
63352 63390 172
63366 63403 238
63374 63411 21
63376 63397 117
63377 63385 99
63400 63437 51
63411 63417 187
63413 63438 238
63436 63443 120
63440 63452 290
63442 63452 264
63464 63490 192
63489 63499 33
63510 63540 114
63531 63546 255
63552 63562 113
63560 63598 204
63560 63600 280
63581 63590 155
63582 63592 246
63589 63633 104
63612 63633 93
63642 63656 182
63652 63687 188
63679 63702 116
63692 63739 269
63712 63757 148
63735 63785 58
63748 63783 275
63771 63814 190
63786 63806 131
63811 63852 23
63841 63858 213
63867 63900 95
63885 63896 267
63891 63894 133
63894 63924 291
63915 63949 148
63927 63945 111
63957 63992 12
63983 64015 257
64006 64037 288
64025 64065 176
64051 64088 261
64067 64083 34
64082 64130 177
64087 64107 74
64112 64133 193
64124 64168 5
64144 64169 164
64162 64167 248
64175 64216 244
64203 64209 127
64221 64260 249
64238 64259 275
64240 64257 106
64241 64281 197
64270 64273 244
64277 64278 58
64296 64341 197
64310 64316 197
64338 64368 106
64359 64391 270
64386 64390 261
64389 64424 218
64401 64413 43
64426 64457 66
64431 64440 188
64435 64439 182
64440 64478 165
64470 64487 140
64484 64506 262
64488 64499 159
64491 64528 119
64491 64524 157
64515 64564 209
64544 64582 290
64556 64592 145
64577 64606 46
64596 64646 25
64602 64608 167
64603 64624 170
64621 64657 232
64637 64658 15
64660 64684 172
64663 64686 132
64692 64728 255
64699 64746 76
64704 64723 284
64724 64726 171
64750 64760 24
64773 64813 258
64793 64827 21
64798 64847 24
64822 64838 231
64844 64867 221
64873 64897 153
64898 64927 251
64899 64909 200
64924 64973 189
64943 64965 227
64968 65010 263
64969 64998 90
64971 64974 156
64974 64992 75
64986 65030 130
65011 65015 190
65029 65075 40
65057 65095 213
65059 65097 194
65060 65100 143
65079 65105 220
65087 65110 229
65097 65130 211
65112 65149 168
65133 65161 45
65161 65198 85
65183 65195 98
65183 65227 128
65212 65220 37
65228 65259 243
65251 65291 276
65273 65294 204
65289 65294 278
65291 65297 1
65298 65317 70
65298 65314 103
65319 65332 95
65340 65383 140
65364 65408 51
65394 65435 179
65418 65434 66
65434 65447 35
65456 65498 173
65468 65470 40
65495 65517 259
65496 65545 290
65509 65511 287
65519 65525 1
65547 65590 27
65566 65609 4
65587 65602 150
65604 65613 250
65626 65628 198
65640 65658 2
65641 65668 55
65654 65691 108
65682 65715 5
65709 65747 143
65717 65762 235
65742 65753 157
65751 65757 237
65779 65782 204
65780 65816 99
65798 65801 149
65815 65857 18
65845 65867 253
65873 65889 299
65901 65924 199
65901 65920 158
65924 65974 100
65947 65961 286
65974 65993 54
65978 65982 10
66007 66020 223
66007 66052 121
66032 66071 150
66050 66051 242
66064 66088 255
66064 66087 42
66066 66099 228
66073 66076 27
66101 66103 31
66111 66116 85
66121 66129 234
66139 66152 190
66153 66182 48
66181 66190 10
66205 66240 272
66235 66274 123
66252 66257 137
66264 66266 119
66284 66293 11
66297 66347 55
66305 66312 113
66324 66366 259
66335 66369 158
66346 66356 274
66373 66407 288
66388 66426 203
66400 66402 39
66404 66442 65
66404 66442 247
66424 66452 190
66451 66456 276
66453 66498 187
66481 66523 48
66503 66505 39
66514 66561 292
66544 66546 50
66560 66593 87
66579 66589 266
66606 66646 84
66629 66630 197
66656 66661 264
66683 66696 87
66705 66737 212
66720 66731 250
66736 66739 143
66743 66747 280
66763 66784 214
66771 66806 71
66795 66796 189
66796 66818 292
66801 66839 72
66831 66851 202
66848 66851 296
66852 66879 287
66857 66889 226
66861 66863 278
66869 66886 25
66877 66902 13
66904 66935 159
66913 66918 297
66928 66940 271
66928 66962 3
66941 66944 51
66946 66967 273
66954 66962 293
66964 67003 63
66993 67025 197
66993 67036 1
67016 67060 262
67035 67060 183
67061 67091 102
67074 67119 212
67100 67113 56
67124 67141 182
67124 67164 244
67150 67182 161
67154 67184 167
67182 67196 255
67197 67202 164
67224 67256 48
67241 67272 291
67252 67276 88
67278 67309 198
67288 67312 231
67301 67342 160
67320 67368 140
67320 67342 255
67348 67382 150
67366 67369 74
67375 67422 255
67403 67414 48
67420 67431 207
67445 67458 182
67474 67484 203
67496 67510 193
67513 67517 70
67538 67566 200
67547 67566 98
67570 67584 38
67577 67617 62
67589 67610 6
67606 67623 160
67613 67655 76
67629 67634 124
67639 67649 38
67655 67690 216
67673 67720 68
67699 67715 280
67709 67740 263
67724 67760 150
67754 67791 180
67773 67791 298
67781 67818 13
67795 67805 152
67797 67818 144
67797 67799 1
67799 67815 136
67799 67825 126
67822 67831 64
67833 67842 231
67849 67884 255
67866 67887 194
67893 67899 132
67903 67934 124
67903 67904 131
67927 67936 110
67946 67970 272
67976 67984 205
67993 68036 194
68023 68072 292
68050 68095 88
68055 68084 82
68062 68086 260
68074 68082 108
68082 68127 53
68099 68111 80
68122 68148 188
68147 68156 193
68177 68202 296
68187 68208 239
68211 68253 234
68226 68275 267
68233 68235 89
68244 68246 108
68257 68282 88
68268 68281 162
68298 68338 161
68324 68353 34
68325 68356 279
68330 68336 28
68356 68401 287
68370 68410 41
68392 68437 57
68419 68424 113
68420 68444 170
68445 68483 198
68459 68505 42
68476 68482 219
68493 68530 271
68501 68547 53
68504 68539 99
68508 68538 67
68511 68536 119
68515 68564 51
68544 68576 181
68562 68598 63
68565 68604 266
68590 68599 91
68601 68630 129
68631 68674 58
68639 68676 75
68645 68695 17
68653 68658 247
68669 68673 61
68688 68699 275
68710 68739 203
68716 68749 32
68735 68736 90
68755 68761 224
68773 68774 130
68786 68794 164
68802 68845 126
68826 68847 254
68848 68869 229
68849 68864 91
68851 68895 286
68862 68877 190
68872 68893 198
68876 68902 112
68892 68929 129
68896 68922 233
68903 68925 64
68921 68943 68
68936 68965 272
68955 68981 62
68961 69011 286
68966 69003 266
68966 68974 265
68989 69006 289
69002 69052 164
69008 69042 152
69019 69055 120
69039 69052 260
69069 69087 289
69095 69135 19
69112 69117 231
69139 69178 12
69163 69210 34
69179 69200 148
69196 69237 228
69200 69207 229
69220 69269 235
69242 69257 154
69245 69251 231
69252 69253 217
69257 69258 262
69287 69337 156
69314 69344 40
69339 69386 12
69361 69389 24
69361 69377 181
69373 69420 237
69399 69441 163
69405 69436 152
69422 69447 282
69431 69450 285
69436 69479 284
69438 69451 253
69468 69500 24
69470 69480 139
69495 69515 34
69509 69544 123
69531 69541 63
69557 69590 20
69565 69608 8
69567 69578 296
69567 69613 77
69593 69601 76
69614 69617 136
69624 69639 283
69628 69656 26
69646 69685 208
69660 69665 91
69669 69702 187
69684 69722 154
69700 69708 122
69723 69738 62
69740 69762 130
69769 69814 29
69775 69803 190
69787 69831 52
69803 69805 293
69808 69831 256
69814 69818 56
69815 69855 102
69835 69879 14
69836 69861 267
69844 69850 188
69862 69905 246
69879 69902 141
69885 69917 74
69911 69914 277
69912 69923 102
69918 69935 187
69919 69933 215
69931 69962 61
69943 69944 94
69946 69955 228
69969 69973 232
69998 70011 241
70000 70002 54
70011 70049 105
70038 70085 231
70049 70064 51
70066 70106 103
70079 70117 297
70102 70146 46
70118 70120 272
70132 70173 286
70142 70189 160
70171 70221 169
70172 70175 59
70180 70225 205
70185 70233 143
70187 70206 16
70203 70238 253
70210 70243 211
70213 70248 291
70236 70250 281
70256 70274 10
70263 70292 198
70268 70308 214
70288 70324 21
70316 70352 92
70342 70363 242
70361 70406 238
70388 70414 123
70388 70434 235
70401 70442 22
70424 70467 93
70447 70464 80
70466 70473 272
70469 70515 16
70483 70495 97
70500 70538 147
70518 70533 135
70537 70581 79
70559 70569 49
70577 70613 65
70591 70602 275
70606 70609 239
70608 70611 248
70621 70625 260
70628 70639 96
70647 70653 101
70677 70716 51
70692 70696 276
70707 70726 215
70731 70765 82
70746 70765 89
70774 70796 212
70798 70807 135
70817 70833 115
70819 70844 158
70826 70866 293
70842 70887 48
70845 70886 181
70868 70874 243
70868 70874 85
70897 70940 120
70927 70968 143
70947 70980 47
70973 71014 190
70992 71024 179
71013 71033 83
71028 71067 6
71044 71086 293
71052 71081 126
71077 71078 134
71100 71120 136
71121 71135 44
71148 71198 67
71169 71200 222
71185 71226 244
71214 71249 202
71230 71279 191
71243 71258 25
71262 71264 81
71283 71303 261
71283 71297 53
71310 71324 90
71339 71370 186
71364 71381 42
71368 71404 115
71385 71418 113
71400 71431 234
71402 71421 7
71430 71458 249
71447 71475 226
71451 71475 93
71473 71515 231
71488 71494 167
71516 71522 161
71517 71555 200
71527 71556 85
71545 71552 130
71570 71582 198
71570 71592 98
71575 71607 262
71580 71595 47
71607 71612 267
71614 71620 128
71631 71675 173
71632 71681 60
71637 71687 189
71639 71687 4
71645 71694 228
71665 71687 180
71671 71706 139
71695 71699 32
71718 71721 186
71748 71782 55
71771 71788 115
71785 71789 163
71792 71809 101
71808 71830 25
71824 71863 177
71854 71880 283
71880 71895 269
71891 71908 24
71917 71954 218
71922 71925 179
71943 71975 153
71966 71997 176
71990 71998 213
71998 72038 285
72012 72019 259
72040 72046 300
72058 72076 167
72084 72088 120
72104 72136 10
72128 72146 167
72148 72191 287
72154 72200 117
72164 72207 32
72176 72224 27
72192 72230 99
72193 72207 183
72200 72234 96
72207 72250 99
72214 72225 63
72240 72280 267
72248 72292 126
72250 72269 36
72263 72275 86
72292 72322 298
72298 72341 121
72300 72329 214
72307 72343 295
72325 72340 102
72339 72352 63
72350 72386 13
72354 72375 111
72357 72393 249
72377 72425 93
72399 72402 82
72404 72405 26
72421 72425 93
72429 72458 18
72430 72460 59
72431 72475 202
72452 72453 85
72478 72497 162
72508 72539 37
72534 72565 32
72551 72588 212
72576 72606 265
72597 72617 228
72624 72671 68
72642 72686 11
72652 72663 211
72674 72679 179
72699 72710 214
72704 72710 20
72706 72711 124
72718 72721 43
72733 72762 215
72748 72778 16
72758 72796 41
72775 72819 122
72786 72813 79
72787 72801 114
72808 72822 63
72823 72862 53
72823 72870 176
72847 72871 51
72856 72871 10
72882 72923 284
72902 72950 277
72911 72913 243
72912 72914 46
72916 72947 193
72938 72944 175
72945 72971 163
72969 73003 33
72991 73040 241
73009 73047 203
73009 73035 139
73027 73037 21
73052 73086 115
73064 73111 239
73094 73134 135
73105 73116 81
73131 73162 86
73152 73158 19
73179 73226 124
73187 73234 159
73204 73225 131
73209 73217 152
73214 73243 134
73238 73239 265
73253 73269 256
73278 73325 251
73308 73327 243
73330 73362 101
73359 73374 51
73362 73378 66
73390 73423 23
73414 73446 201
73441 73481 228
73453 73464 90
73457 73469 190
73471 73518 127
73495 73535 110
73510 73534 288
73529 73549 52
73543 73592 31
73552 73560 7
73553 73567 289
73583 73616 157
73591 73602 273
73603 73648 137
73631 73660 70
73649 73699 87
73674 73720 154
73701 73716 251
73725 73772 156
73741 73763 49
73744 73759 89
73774 73819 86
73796 73809 94
73796 73840 44
73823 73829 297
73837 73870 122
73849 73851 181
73862 73883 226
73888 73935 59
73903 73907 99
73909 73955 123
73925 73972 30
73931 73966 14
73959 73987 140
73985 73993 6
74006 74036 300
74014 74052 243
74020 74044 76
74032 74056 2
74047 74061 50
74049 74065 68
74060 74063 36
74060 74098 283
74086 74109 34
74104 74122 180
74109 74129 186
74133 74157 147
74149 74167 272
74175 74180 292
74192 74221 31
74193 74212 269
74198 74228 68
74221 74270 248
74242 74290 84
74257 74305 211
74271 74302 215
74301 74330 244
74314 74350 236
74332 74343 256
74361 74391 131
74369 74386 77
74397 74402 42
74398 74410 277
74407 74421 48
74428 74442 192
74444 74486 266
74464 74466 12
74483 74527 131
74488 74513 76
74514 74520 150
74516 74531 119
74546 74593 264
74546 74573 150
74560 74587 290
74566 74597 42
74567 74598 77
74586 74626 249
74605 74625 28
74608 74647 57
74610 74650 64
74622 74658 235
74650 74666 61
74674 74694 222
74699 74724 107
74709 74729 94
74736 74743 221
74736 74752 35
74762 74777 36
74772 74803 238
74794 74828 188
74804 74851 190
74823 74833 159
74833 74872 88
74833 74856 280
74842 74850 153
74856 74906 58
74882 74890 192
74891 74892 225
74920 74948 91
74944 74950 48
74969 75010 132
74999 75005 21
75014 75030 273
75032 75045 217
75044 75083 190
75053 75061 83
75071 75095 49
75080 75123 236
75092 75110 110
75112 75119 179
75123 75129 128
75131 75171 10
75138 75178 52
75161 75199 45
75185 75230 120
75195 75213 208
75202 75218 147
75204 75212 238
75218 75246 106
75229 75242 59
75240 75266 86
75248 75264 106
75252 75254 39
75263 75307 290
75284 75291 68
75296 75330 294
75317 75353 136
75321 75339 192
75351 75353 290
75379 75414 14
75405 75448 50
75435 75440 14
75459 75492 31
75474 75477 206
75492 75505 278
75497 75517 78
75519 75533 191
75544 75578 213
75562 75590 81
75562 75607 158
75572 75610 274
75582 75592 285
75588 75601 78
75612 75661 179
75621 75671 82
75648 75679 110
75663 75678 300
75684 75724 36
75688 75733 40
