100 100
 66  82  96   5   5   8  29  77  65  54  89  77  36  88  58   7  45  32  45  56  89  30   2  95  36  77  94   0  55  36  37  92  39  21  22  71  11   7  30  39  30  20  46  60   4   9  35  42  72  49  95  12  92   2  29  89  31  73  81  71   1  67  73   2   1  84  61  13  14  25  46  66   7  76  67  14  20  18  75  50  93  65  74  43  24   9  45  28  55  18  41  60   1  54  34  21   2  25  93   7 
 70  49  38  27  15  88  61 100  86  31  79  92  70  24  22  65  70  89  39  16  47  99  16  33  38  54  29  49  31  86   2  99  30  93  57  88  10  64  94  70  18  53  35   9  47  78  18  47  92   7  17  34   1  90  37  86  78  86 100  18  31   4  54  96  64  12   9  56  16  63  69  89  99  15  22  68  12  27  26   0  87  32  82  62   3  74   8  71  78  22  24   4  17  65  12   5  18   7  41  42 
 43  88  91  84  88  66  69  34  93  44  35  30  82  95  75   3  26  67  54  54  25  70  84  88  29  58  33  64  75  53  70  79  36  13  57  86  86   9  97  80  73  36  86  92  42  97  29   2  24   1  72  51  86  48  53  64  84  41  93  22 100  37  49  86  16   8  13  54  78  84   0  49  53  89   2  26  66  80  77  80  37   5  41  84  76  13  12  91   5  16  21  92  13  30  80  41  63  57  52  64 
 93  57  90  86  40   8  35  55  49  70   5  17  21  67  22  17  33  80  69  57  39  34  39  15   9  72   7  22  58  98  14  42  58  95  12  95  42  40  41  34  29  96  79  11  43  79  36  18  87  89  88  75  45  88   9  22  31  78  51  67  30   5  73  81  46  65  15  10  64  87  57  57  71  40  69  13  45  73  15  88  23  61   5  78  95  99  71  14  75  31  11  42  21  24   4  58  62  57  47  80 
 62  97  33  56  65  85  90  78  59  30  32  56  83  87  95   1  66   7  76  68  35  26  50  64  94  89  36  58   9  93  67  92  79  18  81  99   2  14  55  79  38  70  78  41  88  99  87  53  17  87  44  39  54  25  53  37  51  21  29  26  47  79  74  77  11  36  98  12  76  35  23  35  85  45  23  84  79  80  35  80  25  32   0   4  53  36  49  30  70  84  85  45  51  56  80  64  72  28  24  15 
 29  63  16  58  51  42  52  37  95   4  43  37  39  21   7  21  68  67  90  53  38   9  99  24  71  72  18  18  83  73  60 100  29  56  12  44  51  17  46  49  44  39  40  47  95  11  61  42  10  90  58   5  29  46  36  22  98  71  14  88  44  91  62  25  73  95  31  78  49  57  92  86   5  36  25  68  89  39  35  42  27  89  56  61   3  67  90  21  40  90   3  85  35  67  21  28  38  81  67  79 
 12  26  66  52   5  25  52  52  17  26  69  54  96  22  80  79  68  42  75  22  44  65  52  48  44  99  10   4  51  38  99  61  62  92  49   9  88  25  85  58  25  85  21  64  35  52  93   7  32  24  97  63   3  24  69  78  98  88  97  20  56  11  67   2  74  16  56  49   5  73   5   9  79  72  62  41   9  91  35  61  80  59  96  47  38  70  80   1  45  68  68  49  26  38  76  11  15  52  42  52 
 43  99  74  10  91   8  75  59  59  47  38  41  77  73  84  34  35   6   6  47  30  29  92  72  64  58  21  84  34  66  10  48  20  74  53  18  78  70  52  67  78   0  87  31   9  33  10   5   2  25  87  72  92  53  84  50  60  75   3   2  33  53  79   8  81   5  57  27   7  85  90  49  66  76  57  89  63  51  16  47  71  80   3  36  43  69  83  61   9  89  78  92  63  26  75  65  48   8  59  93 
 32  28  20  44   1  69   7  62  20  65  57   9  11  36  58  96  53  21  80   3   5  20  72  37   5  76  77   0   5  75  62  46  13  35  43  49  41  93  93  96  52  83  90  62  28   1  19  93  63  55  38  90  60  35  59  72  96  54  19  75  59   7   7  27  75  94  92  75  30  49  61   7  32  87  72  29  55   5  72   1  11  48  16  65  95  16  40  49  94  23  85   3  79   6  89  38  75  74   1   7 
  0  75  16  21  62  51  68  70  63  66  13  91  96  71  88  22  98  89  29  16  20  61  24  75  34   7  24  50  77  36  16  70  17  35  31  36  52  38   4  58  10  87  89  46  28  72  38  84  85  59   3  49  99  20  78  44  78   6  25  85  91  34   4  71  37  78  83  91  20  52  45  10  33  32  76  88  26  96  81  29  85 100   8  19  53  43  43  71  92  61  95  68  70   5  12  72  58  69  23  91 
 76  28  49 100  38  95  94   4  25  18  69  35  31  74  35  66  19  96  83  79  20  21  10  30  97  61  11  85   7  62  25  16  28  71  43  64  82  71  96  70  63  47  56  95  83  43  19  98   1  41  42  20  29  20  83  71  52  37  18  25  28   1  93  20  46  34   4  18  19  19  37  38   2  94  55  88  79  46  35  69  80  49  76  74  15  72  26  12  54  27  39  15  33  25   1   4  31  42  39  83 
 52  53  83  77   9   9  94  86  49  20  31   5  89  37  58  17  63  24  28  95  98  22  81   0  93  46  49  99  89  34  92  86  58  85  94  41   3  96  16  51  33   6  83  34  84  65  48  33  11  37  94  97  12  55  91   0   6  57  18  46  70  20   7  72  30  25  24  78  50  70  92  31  71   2  70  50  60  89  34  23  58  89  17  34  93  82  46  72  54  82  43   0  89  69  69  66  93  37  41  29 
 19   6  80  65  72  83  62  62  80  82  60  86  13  82  11  37  85   6  98  15  77  15  43  21  79  65  45  18  18  18  71   6   8  75  78  30  56  33  20  15  98  50  70   9  79  56  68  16  36  82  14  94  85  11  79   3  18  26  88  94  20  34  50  30  21  32  33  39   0  80  18  25  84  87  86  42  52  37  84  66  55  78  52  92   8  55  84   4  79  21  15  33  41  96  21  18  63  64  12  98 
 66  96  63   5  15  78  51  23  88  80  50  87  63  87  33  47  63  32 100  65  69  35  23  48   4  86  28  35   6  39  22  82  24  86  80  38  81  88  30  63  31  94  19  78  99   6   7  92  95  80  22  87  95  90  64  50   3  18  62  82  98  87  22  96  48  78  33  51  46  88   6  90   8  84  16  78  83  39  84  99  72   1  73   5  84  47  47  93  66  19  29  47  41  97  40  52  82  78  23  69 
100  78  78   6  81  89  25  76  49  71  19  40  91  60  41  10  52  41  60  47  45  49  97  63  34  59  35  95  19  87  89  96  98   8  93  36  37   6  24  82  80  67  54  69  99  13   8  90  74  54  54  92  67  47  98  57  96  38   5  26  75  95  83  37  86  50  20  51  14   9  17  89  76  95  89  96  72  47  71  82  95  76   4  96  29  50  99  65  44  96  55  10  35  79  83  18  47  36  80  75 
 86   1  86  63  13   7  78  73  87   0  61  75  27  89  40  79  93  67  24  71   6  57  45  67  80  41  89  52  64   6  47  19  77  52  62  54  95  20  81  65  50  24  68  40  86   1  55  78  69  72  77  99  70  99  89  32  58  85  83  22  27   6  42  77   8   0  20  81  40  64  99  95   9  80  96  68  19  77  70  97  94  76  10  83  21  16  25  31  55 100  23  68 100  43  99  21  29  75  45   9 
 24  92  81  99  48   7  63   6  84  16  71  54  27  61  34  67   5  76  12   2  20  56  13  77  14  19  67   9  33  36  40  23  84  72  65  14  26  41  60   1  27  49  86  24  21  30  73  50  45  84 100  52  90  94  79  31  26  37  35  63  80  79   3  72  88  26  69  18  90  72  96  64  12  18  39  16   3  62  53  58  22  47  99   5  79   1  21  82  85   8  50  41   4  72  89  11  80  62  82  76 
 96  56  62  25  29  43  23  48  48  32  44  26  12  98  48  47  54  91  22  87  17  27  89  24  87  69  59  21  25  30   4  54  32  10  99  71  41  34  40  84  86  57  29  64   3  14  54  47  70  19  68  19  29  68  15  22  36  14  65  32  83  75  90  58  48   1   5   2  69  75  95  36  35  78   7  26  10  15  21  95  84  44  54  94  14  92  85  73   9  32  28  34  92  18  29  38  35  79  11  69 
 29  16  32  67  22 100  58   0  89  58  56  27  53   6  63  84  13  50  74  80  78  14   1  68  84  44  25  30  56  91  74 100   0   2   2  72  67  48  84  64   9  30  72  80  28  41  82  47  31  65  59  89  98  24  61  92   0  32  59  64  59  86 100  32  93  22  17  36  31  47  34  75  17  86  72  85   5  83  68  79   7  58   0  25  42  38  46  46  53   9  84  51   8  26  74  94  57  38  79  29 
 84  56  93  52  91  11   7  91  17  16   8  52  90   7  34  59  16  18  52  56  17  42   9  72  62   9  47  92  58  81  84  86  26  83  76  78  65  23  32   3  16  67  31  65  98  60  10  33  36  71   6   6  36  28  42  57  25  62  30  30  23  58  60   7  85  82  81  28  20  59  22  45  86  35  56  86  85  52  69  15  66  55  36   9  31  99  29  46  39  42  62   7   6  73  79  96  24  67  75  42 
 80  82  96  84  58  99  62  38  30  47  29  77   8   9   0  30  65  87   6  44  24  30  96  96  29  68  16  61  60   9  37  71  24  65  23  39  40   0  29  37  88   5  87  61  18  70  74  43  17  18  92  69  89  52  57  45  60  23  10  17  28   8  98  62  45  78  24  28  27  19  17   8  15  22  81  95  52  89  31  64  68  23  14  92  74  65  55  21  55 100  19  53  38  84   3   8  98  94  76  94 
 31   0  62  57  95   2  27  50  14  60  48  12  71  81  67  70  79   8   5  98  33  57  87  23  88   0  18  54  43  51  30  89  60  93  78   5  64  77  51  54  23   6  41  13  42  40  90  83  77  70  85  11  47  92  58  31  84  71  99  35  96  45  17  28  29  51   2  16  70  87  70  48  36  11  55  19  68  84   2  88  82  75  88   8  93  70  90  26  87  53  75   5  11  10  94  15  47  22  66  33 
 32  80  77  96  98  65  67   5  90  86   9  94  43   0  17  92  81  85   5  83  73  87  61  63  36  11 100  55  62  56  53  22  25  90  89  99  71  59  91  22  52  47  16  43  29  55  46  22  26  86  98  19  95  17  12  32  25  25  72  33  63  21  28  93  65  69  40   8  67  31  84  48  17  47 100  18  32  68  58   6  86  81   8   8   6   4  67   8  41  60  64  72  77  25  39  14  40   2  95  62 
 23  25  10  22  94  66  70  46  43  32  74   3  74  21  98  18  27  45  63  39  80  87  49  28  31   8  49  16  89  65  40   9  72  38  33  32  49  82  87  35  25  11   4   7  13  33  38  15  90  78  62   6  28   8  79  64  22  92  74  68  24  75  55  91  64  37  48  75   8  99  13  62  26  20  59  81  38  54  79  58  67   9  66  43  27  43  30  87  13  43   2  72   8   7  40  49  45  37  17  22 
 80  70  30  45  21   2  64  62  41  31   4  17  85  98  54   6  40  34  25  94  55  14  15  72  32  57  40  56  87  14  53  53  19  88   7  57  16  34  48 100   2  55  70  66  44  95  51  76  85  53   0  17  74  29  47  47  57  58  61  23  48 100  73  69  36  79  96  29  94  67  55  90  46  57  79  79  60   5  29  28  21  39  53  69  15  63  51  79  83  99  79  73  59  16  57  95  58  43   3  99 
 84   8  31  69  97  87  76  55  47  27  36  40  95  19  68  20  47  13  79  68  75  58  22  70  34  24  53  84  81  28  56   4  55  71  34   4  93  65  33  21  31  74  23  68  31  97  48  10  33  39  58  79   7  42  32  12  29  48  72   3  55   3  44   1   1  16  82  51  75  28   7  15   7  34  27  99  92  77  37  63  63  81   6  56  73   6  61  23  17  97  27  34  31 100  39  14  51  80  63  20 
 99  47  22  92  15  39  92  53  86  72  96  20  71  21  24  62  85  96  27  87  30 100  81  65  43  28  44  82  18  58  37   0  72   5  35  74  58  73  32  12  82  36  76  68  21  99  27  73   7  58  56  87  56  33  10  99  49  76  74  48  89  71  12   1  56  81 100   0  84  11  97  26  54  58  49  57  88  17  85  95  28  54  58  97  17  59  65  63  43  69  70  93  82  33  12  77  52   3  14  36 
  9  58   3  92  29  24   4  21   5  72  88  72  82  41  15  26  25  95  36  31  84  23  39  47  14  88  28  39  77  13  82  67  83  17  53  82  48  56  11  80  29  51  55  55  32  45  75  54  24  63  16  86   5  95  31  47   5  11  54  74  56  25   5  10  85  54  87  96  81  61  89  18  84  97  84  67  88  97  76  67  77  78  58  90  61  32  83  66  61  99  21  16  48  49  36  58  42  68  44  60 
 31  70  70  35  81   9  91  39  63  44  74  22  11  79  95  59  99  80   1   3  43  14   2  96  42  13  18  37  62  37   0  45  33  48  39   4  97  33  33  82  25  30  13  98  67  11  93   9  95  45  52  41  35  85   9  51  14  84  27  10  35  23  27  79  58  18  16   5  14  16  65  98  11  32  35  42  35  52   7  42  80  72  56  96  56  81  67  49  20  86  33  10  26  55  44  85  45  37  80   1 
 53  84  95  14  87   4  85  64  67  23   6  41  62  84  22  56  45  11  11  51  10  32  36  61  38  63  52  41  66  54  23  98  11  81  48   9  46  76  66  71 100  80  29  40  62  20  72  95  20  69  28  37  14  86  16  59  82  40  50  52  87  51  20   0  46  90  33  61  83  88  85 100  90  77 100   6  57  10   5  85  98  88  36  60  62  22  57  24  53  46  95  59  73  29  37  72  10  72  61  29 
 27  95  33  26  31   7  97  74  41  77  66  75  98  52  29  85   0  81  90   8  97  81  54  70  74  50  31   7  81   1  95  36  49  47  49  59  86  11  49  63  53  56  94  92  23  80  28  59  68  43  56  73  65  39  23  78  14  35  47  73  51  96  90  17  41  50  30  67  30  58  86  82  31  71  16  77  68  81  80   7  26   8  36  17  12  94  43  84  34  37  47  62  54  38  97  47   7  60  56  16 
  1  47   8  40  90  57  92  81  46  31  87  18  81  43  12  54  89   2  78  15  49  55  31  20  18  11  14  73  61  36  55  41  22  48  95   6  66  95  83  66  42  26  27   3  10  46  14   5  94   6  52 100  86   3  12  87  40  69  93  65  92  23  97  92  25  89   0  82   0   5  90  55  63  16  26   1  21  77  59  90  64  11  12   1  55  24  13  66  81  44  20  60  87  95  45   1  69  54  17   1 
 45  66  42   0  73  29  51   9  25  23  68  26  97  52  80  56  10  17  55  27  89  22  64  86  41  50  76  43  30  29  88  63  83  96  37  26  71  22  39  92  73  71  37  17  71  93  34  87   3  48  47  51  82   1  22  99  35  61  93  73  82  94  62  47  84  16  13   4  34  24  61  77  38  73  77  53  10  96  98  75  15  53  79  37  77  25  28  59   8  26  86  74  75  23  16  50  59  14  67  79 
 98  37  86  75  23   6  17  38  68  74  35  96  82  36  41  15  77  34  66  97  40  70  46  29  37  63  67  65  10  73  81  94  36  75  96  63  22  69   8  86  23   9  72  84  67  74  72  25  22  29  85  97  77  25  85  26  91  68  48  12  63  26  57  12   4  96  85  45   8  99  27   9  40  64  37  53  21  92  93  83  88  28  63  51  96  39  83  64 100  71  48  73  90   6  77  77  43  23  29  26 
 72  84  16  82  94  30   6  40  79  43  95  37  83  63  77  62  66  40  41   5  55  70  12  29  45  82  36  55  78  30  38  63  52  12  30   3  40  84  95  90  97  37  21  31  25  48  73  83  29  76  80  30   8  55  12  63  86  22  55 100  28  14  57  23   5  86  60  99  50   1  87  49  56  58  63  98  51  98  13   0  52  48  67  18  93  57   2  58  51  41  37  91  62  70  73  50  84  33  74  85 
 60  25  59  49  59  72  92  61  32  83   6  60   9  16  85  73  55  96  51  33   7  94  40  95  17  47  85   9  30  90  72  97  84  64  52  67  42  12  46   4  36  90  53   2  22  58 100  45   4  95  72  97  91  86   1  76  64  63  34  38  86  20  72  20  72  29  99  84   4  22   3  94  65   2  34  27  19  51  70   4  14  24  77  97   6  59  83  68  95  28  52  24  56  82  45  94  29  89  94  58 
 36  15  24  47  28  77  23   8  18  13  27  37  61  48  57  93  15   1  87  99  62  91  12  13  49  23  27  23  48  91  46   7  76  81  30  68  34  60  69  59  82  19  71  51  61  16  81   1  23  79  71  56  10  99  97  61  96  65   4  23  37  18  57  45  21   4  81  69  25  95   3  21  35  87  20  64  69   5  28  85  30 100   7  26  19  44  16 100   2  10  56  21  13  76  47   6   2  67  79  53 
 45  59  31  21  80  19  55  68  50  78  65  18  56  19   2  64  79  79  60  85  19  64  41  42   7  70   2  52  69   7  33  22  82  15  79   1  27  61   0  71  26  36  62  75  55  10  76  44  14  52   0   2  29   8  51  25  49  18  18  48   4  39  72  96  50  87  61  85  19  45  49  40   7  47  63  68  92  26  95   2   8  79  18   7  75  37  83  35  62  54  76  14  92  83   0  15  90   1  79  45 
 34  27  74  44  51  57  23  84  39  78  22  60  53  48  46  67  23  83  26   1  45 100  52  58  90  18  66  31  29  57  64  30  63  59  32  23  49  31  59  38  20  11  11  75  58  59  69  77   4  33  85  34  17  22  26  30  14  18  18  18  68  65  52  36  63  90  15  91  97   1  36  40   9  73  59  82  99  81  32  61  82  74   7  70   3  16  29  75  59  74   7  42  22  95   2  61  22  77  99  37 
 30  95  13  54  34  46  18  42  92  46  96  88  94  85  30   7  19  86  27  10  61  83  59  67  54  37  97  99  55  33  61  14  42  42  92  65  22  42  91  53  76  59  63  22  18  59   8  51  82  65  73  34  71  91  64  28  64   5  75  86  85  88  63  55  63  92  38  91  15  45  14  20   1  69  22  61   0  51  28  22  20  63   0  58  28  74  94  63 100  95  84  55  51  93  78  58  75  63  97  80 
 52  60  36   6  43  85  57  83  82  38  56  25  53  59  85  85  71  76  51  68  47  87  67  62  53  62  33   2  16  61  23  59  75  56  34   6  42  94  43  40  95  16  36  44  14  61   6  85  22  89   8  85  26  58  17  89  20   5  67  30  89  35  81  43  63  96  91  50  49  17  66  55  83  48  66  41  95  44  33  11  81  22  53  78  58  79  31  54  37  91  70  14  47  65  36  69  54  91  35  88 
  9  66  59  92  93  56  25  91  61  59  72   7   8  67   4  63  42  79  28  69  16  52  98  21  71  88  45  42  67  74  21  61  64  82  18   5  88  63  89  40  14  10  27  54  15  86   1  31  96  48  55  95  73  15  44  13  79  59  77  46   4  38  16  64  90  92   3  23  71  10  20  41  64  11  16   9   1  30  82  98  69  15  11  25  99  38  83  93  18  78  35  36  61  35  64  12  68  61  18  24 
 40  17  62   8  50  50  78  14  44   0  46   0   7  91  18  12  48  24  34  35  17  33   2  31  30  76  69  85  56  48  22   4  15  97  33  94  45  44  78  71  73  97   8  53  33  98  52  36  95  16  52  22  90  47  96  51  11  38  29  20  12  46  46  68  80  73  27  78  39   2  79   7  18  24  51  66  40  18  93  62  70  98  18   5  88  99  28  86   1  20  59  28  78  25  47  51  79  23  23  79 
 15  42  42  73  48   3  93  89  29  30  78  61  78  80   9  66  50  12  69   2  40  61  17   9  15   8  49  70  51  63  89  90  44 100  90  86  11  98  28  96  42  18  54  76  71  14  59  36  14  79  59  55  87  83  98  52   4  56  62   0  75  17  15  82  78  41   2  23  99  62  22  29  20   4  87 100  29  67  61  13  20  64  34  80  27  26  59  70  42  51  63  79  35  79  52  30   8  62  87  17 
 87  31  42  15  41  84   1   6  54  81  45  72  84  36   7  96  75  34  27  60  40  35   5  26  12  65  79  82  46  91   2  31  86  75  77  56   3  19  42  12  26  80  18  49  71  45  65  74  69  14  40  62  88  26 100  27  79  60   2  68  99  23  21  31  89  29 100  32  58  81  93  87  23   3   9  56  78  91  38  54  82  15  71  62  67  54   5  97  85  83  69  15  27  89  18  42  31   0  48  26 
 55  75  44  40  94  31  32  67  65   1  64  25   4   0  97  67 100  20  96   3  69  32   3  28  25  73  32  10  93  28  21   0  51   6  34  88  18  58  80  48  84  67  82  99  87  78  92  39   5  24  39  66  44  78  90   6  43  61  15   0  78  36  33  11  78  84  60  74  86  88  74  57  26  88  49  17  90 100  17  55  62  75   4  47  88  51   5  74  74  81  35  90  13  27  48  50  61  37  47  24 
 96  88  18   6  54  66   6  10  71  99  60  43  68  24  48  86  99  38  80  52  36  15  16  33  27  87  32  81  48  32  30  64  89  95  24  70  34  46   3  21  92  92  89  23  50  67  92  16  62  14  92  78  94   0   7   0  77  35  38  26  97  97  11  92  72  41  98  73  56  78  89  99  67  56  12  11  30  18  63  36  54   6  37  18  79  52  47  94  10  34  38   3  35  34  73  11  83  54  37   1 
 19  76   1  18  42  18  10  82  92  16  34  33  43  29  22   7  83  53  93  22  90  54  18  94  18  88  56   9  20  41  24  91   5  23  22  67  24  30  10  24   3  58  12  84  90  87  45  34  89  86  82  18  59  62  45   4  15   7   4  31  62  27  10  36  39  61   0  74  78   8  47  82  46  79   3  11  67  20  60  17  28  21   9   8  26  72  75  13  46  97  80  58  83  19  31  33   1  16  26  22 
  2  88  49  79  87  21   7  55  87  25  98  35  20  55  81  60  54  62  93  99  51  93  81  45  40  56  87  71  79  78  59  43  61  77  79  36  22  43  32  62  76  45  20  55  27  44  79   0  35  63  16  79  58  96  62  74   0  36  54  63  60   0  12  15  77  80  96  47  31  69  32  41  43  61  66  61  69  98  87  27  50  14  48  82   3  97   2  19  16  59  90  52   0  19  74  51  87  58  30  98 
 44  77  17  68  52  44  95   2   3  26  82  88  15  10  76  99  23  57  67  49 100  30  65  16  96  93  18  99  28  35  86  44  81  12   5  90  79  22  60 100  81  35  64  94  81  54  58  81  23  94  24  58  28  86  51  43  52  15  71   7  45   1  82  20  16  40   7   9  93  60  28  20  32  69  95  98  48  33  35  96  50  56  85  43  48  56  93  64 100  95  26  28  79  54  24   6  94  77  96   1 
 20  48  63  47  29  33  18  16  72  23  71  68  86  20  64  37  24  30  84  34  89  31  29  76  42  85   1  94  74  60   5  52  58  11  67  28  41  23  49  66  93   1  80  53  98  69  22  97  33  60   7  36  87  87  50  60  53   5  69  35  13  91  49  18   9  46  96  91   8  55   8  83  87  97  65  38  27  55   2  34  39  83  93  21  49   6  15  31  83   8  79  72  79  10  55  36  12   5  81  39 
 23  49  12  15  40  44  59   3  86  41  81  36 100  88  65  82   1  11  18  52  84   8  91  33   5  39  29  73  68   3  87  43  72  85  82   2  33  30  43  67  51  95  21  93  18  70  57  13  32  11  48  96  77  86  54  54  50  71  73  65  19  44  43   5   3  12  87  69  56   9  37  28  16  50  35  80  19  81  58  71  96  36  98  70  23  99   7  38  32  31  25  62  89  59   6  10  58  84  78  97 
 66  21  58  10  19  83  35  13  98   3   0  82  93   2  72  59  77  24  31  16  20  48  17  19   6  33  17  23  51  82  85  70  58  92  54  27  11  63  51  42  82  19  64   8  24  12  43  95  29  15  43  49  77  91 100   1  91  83  17  35  87  44  67  55  70  98  84  17  60   5  80  95  68  74  82  36  66  31   8  56  52  71  32  82  79  80  47  91   8  94  13   9  16  27  73  34  88  22  20 100 
 42  88   7  55   9   5  22  15  66  58  38  37   7  84  82  78  95  92  68  29  24  53  78  35   7  41  52  40  89  38  59  62  33 100  91  47  10  77  58  10  21  54   1  58   4  97  66  50  16  73  81   2  29  99  57  27  42  35  55  38  79  46  33  92  19  61  83   3  79  65  98  72  97  81  77   3  71  19  65   0  56   4  12  77  22  50   1  58  86  41   1  70  54  49  15  51  74  16  23  10 
 94  54  59  78  74  78  10  61  32   3  81  57  64  73   4   3  81  90   9  15  26   8  98  48  67  68  15  24  40  72  59  54  60  33   7  30   4  90  24  89  89  26  81  16  54  15  85  24  40  85  37  97   4  19  46  94  16  84  43  32  32  71  24  41  94  18  14  51  20  13  15  93  70  81  83  84  53  37  59  66  89  68  57  10  12  74  68  80  98   3  75  61  79  75  60  24  89  54  41  85 
 94  83  92  44  45  25  74  78   9  91  30   2  73  65  77  93  52  82  31   0  44  94   6  69  28  87  46  79  40  15   4  36  21  18  74  97  81  17  33   8  79  92  62  81  66  39  68  21  32  91  11  62  93  65  90  90  10  80  50  21  73  84  47  72   1  75  88  54  99  56  71  58  53  25  26  58  60  90  38  14  17  68  47  90  77  15  92  14  37  24   9  73   3  80  52  17  89  25  45   5 
 61  43 100  68   0  18  37   8  53  39  76  11  63  98  74  11  67  37  50   1  69  80  32   2  51  90   3   3  40  28  78  25  62  58  15  30   6  74  66  94  77  93   7  75  83  57  78  86  13  90  57  64  84  79  17  97  61  47  97  72  30  80  54   9  20   7  10  49  73  13   8  11  32  17  41   7  71  79  19  74  72  26   0  52  57  38  78  75  44  90  88  20  31  90   1 100  68  96  65  95 
 23  89  26  31  39   7  93  21   5  60  72  93   5  40  69  82   6  81  77  90  14  15   8  75  46   5  17  18  66   4   1  21  53  69   0  12  26  51  82  35  29  91  60  55  80  27   4  64  89   0  18  74  64  30  48  21  79  76   9   0  54  55  86  96  10  61   5  34  57  33  85  93  98  55  31  41  42  91  45  26  14  84  50  47  32  52  32  16  85  49  68   3   5  99  72  47  40  69  60  42 
 89  63   4  64  22  17  92  17  83  58  81  47  84  26  75  28  87  83  35  11  34  55  71  73  17  77  27  27  43  67   8  49   9  28  33  43  84  88  86  37  36  32   8   9  35  90  99   9  21  77  47  64  39  76  75  11  83  63  15  82  66   3  64  37  56  32  46  85  84  45  72  74   7  43  97  20  29  59  16  47  30   3  41  31  40  61  15  91  27  75   2  19  23  35  23  93  42  27  16  91 
 16  59  12   7  87  59  61  48  27  78  88  42  71  89   8  97  26  79  86  27  78  71  82  65  43  72  73  15  63  71  10  86  99  28  30  88  99  45  10  77  19  72  28  49  62  10  39  43   6  66   5   4  84  33  74  61  95  16  29  61  24  34  36  61  85  40   3  77   8  63  63  14  36  61  20  74  83  84  28  73  70  80  92  54  72  67  63  80  53  69  81  80  65  90  55  14  17  49  58  47 
 49   2  58   2  20  26  34  48  88   8   4  39  79   5  31  31  90   7  49  16  95   2  81  11  50   1  20  12  23  60  38  42  44  92  92  55  14  56  80   2  34  33  39  51  85  79  21  66  46  67  53  49  90  31  18  35  91  65   6  99  25  90  91  68  71  14  96  71  66  39  11  77  15  67  33  45  58  73  29  84  37  29  11  78  78  75  28  71  78  46  25 100  59  40  31   4  90  10  39  16 
 85  27  38  30  99  49  92  53  65  84  16  66  39  75  41  27  49  26   7  28  70  36  56  49  90  93  32  61  93  68  14  18   7   2  61  16  90  93  67   1  44  58  23  23   9   1  60  81  54  13  58  68  74  37  64  67  65  95  40  44  36  32  20   7  16   5  83  61  16  55  17  33  76  15  30  76  40  69 100   5  66  46  82  66  89  72   9   3  28  33  28  85  10  74  86  98  10  71  63  67 
 88  34  27  49  63  64  33  36  22  18  27   0  88  38  51  58  93  46  51  93  85  79  44   0  98  82  61  21  21  31  62  48  46  13  97  15  18  56  43  47  87   2  22  82  71  39  84   1  35  44  85  53  16  41  59  83  97  68  35  89  18  50  61  28  61   6  94  51  44  77  25  87  12  94  70  37  48  24  62  96  22  31   6  12  18  32  76  23  76  78  59  95  43  78  94  19  59  44  36  13 
 31  18  11  18  99  30  68  26  87  13  76  97  45  89  82   3 100  14  99   4  54  59  49  98  44  81  46  72  29  46  75  36  23  17  89  29  39  70   7  20  10  17  89  69  21  96  26  87  72  95  52  32  17  30  31  61  47  11   3  99  37 100  18  24  14  25  99  58  88  52  14  56  67  95  90  89  86  30  71  36  49   1   3   6   4  56  63  93  62  96  31  50  80  56  46  27  22  18  37  88 
 75  15  18  38  31  38  82  99  51  77  32  24  61  40  13  47  29  13  64  92  75   8  63  71  49  40  27  57  56  65  39  89  53  50  40  96  64  35  34  15  10  25  98  47  25  76  94  53  84  18  83  91  54   8  57  36  86  31  14  20  53  90  75  22  94  97  46  19  60  48  61  44   0  97  23  96  93  82  14   5  68  58   9  22  51  45  66  46  65  80  32  13  76   9  83  65  59  45   1  28 
 97  91  41  33   2   8  27  62  47  60  44  56  29  93  52  81  10  12  22  43  46  38  86  25  28  44  12  39  33  98  93  27   0  79  80 100  34  64  38   9  98  24  50  84  75  17  33  84  92   8  83  43   2  58  23  39  60  57  39 100  77  11  60   4  38  43  75  96  21  91  79  42  11  10  63  75  65  71  26  93   9  46  10  90  19  94  81  87  49  60  32  98  44  34  69  11 100   8  58  39 
  3  22  53  22  23  43  32  17   5  31  62  37  64  35  30  81  99  43  89  87  37  20  97  32  10   0  29  83   4  80  38  91  97  94  36  42  79  16  88  93  65  80  38  20   3  70  68  72  10  66  63  74  19  37  62  99   1  40  85  88  48  20  49  33  19  53 100  89  81   1  50  59  67  39  25   4  78  69  32  52  99  30  81  95  18  83  20  34  40   9  52  28  26  46  99 100  63  57  82  70 
  3  38  56  20  15  25  15  21  84   3  21  17  71  78  62  61  58  19  42  83  71  92  56  53   4  18  85  74  19  78   5  65  52  96  83 100  38  41  45  14  23  48  52  60   4  72  27  95  68   3  91  12  73 100  98  81  54  56  78   7  19  10   4  97  85  34  22  81   4  92  32  57  56  86  32 100  13  70  57  58   5  24   4  82  61  35  81  90  50  37  85  65  51  57  53  71  78  15  71  49 
 21  52  46   8  22  17  83  95  44  46  27  63  90  39   1  97  35  87   9  80  23  81  86   7  82  16  17  57  31  71  55  69  43   6  57  23   9  48  22  13   6  17  90  46  84   3  67  79  62  71  93  46  41  26  23  97  25   8  31  47  52  56  52  87  83  40  21  69  32   3  98  57  43  50  68  56  29   7  65  29  79  16  72  93  84  74  95  21  76  34   4   5  47  21  12  59  97  46  34  33 
 16  34  39  56  29  44  71  62  18  25  73  90  30  33  15  65  10  41  51  64  95  15  17  98  18  71  56  41  20  92  40  63  43  96   9  42  27  61  60  96  98  46  48  59  48  40  73  63  52  16  54  99  51  40  50  16  39  70   6  96  91   0  87  52   2   5  32  43  56  35  69  89  41  47 100  25  31  55 100  21  84   9   8  77  77  37  60  54   6  55   0  46  83   5  86  45   6   4   0  16 
 33  19  21  68  22  59  49  51  86  52   3  14  31  44   4  47  28  80  22  22  65  30  30  20  57  98  75   1  73  78  46  56  49  78  60  38   9  11  66  93  13  56  18  90  59   3  98  58  31  75  70  76  53  93  57  52  48  70   4  38  55   1  17  99  32  93  61  14  17  78  10  85  26  44  98   5  59  93   1  35  89  64   3  46  61  91  81  91  14  46  95  58  65  58 100  68  32  29  49  22 
 65  51  35  95   3  21  69  59  44  64  12   3  47  29  77  62  79   4  72  83  14  52  15   0  19  92  48  24  74  18  15  49   9  22  47  96   5   7  86  52  81  94  85  43  21  66  49  48  12  70  92  27  44  54  45  85  45   7  51  73  65  59  89  38   5  31  88  90  84  33  43  18  89  92  33  43  67  89   1  60  17  57  40  84  43  21  60  71  58  61  38  80  43   6   9  37  13  75  97  56 
 23   3  18  36   1  78   2  27 100  64  34  80  90  14  85  25  84  78  45  18  82  23  72  18  66  13  91  84  89  99  18  21  23   0  61  98  77  43  87  87  51  39  88  73  29  48  24  82  90  18  32  13  43  73   1  98  41  94  18  54  80   5  44  58  57  68  75  41  26  14  71  30  19  60   6  71  28  47  42  39  56  54  92  47  15  55  10  68  12  64  80   1   7  26  98  85  69  26  46  42 
 37  87  70   8   6  24  36   3  78   5  55   1  42  65  83  18  16  97  89  22   0  16  36  77  10  48  77  62  60  35   6  31  45  24  10  84   5  43  11  72  20  51  82  65  94  29  78  27  46  98  73  65  28  30  99  89  60  89   2  78  87  83   6  36  96  58  76  54  86  83   6   1  85  65  33  71  91  20  16  73  26  90  54  62  96  26  86  92  25  75  28  44  14  11  90  18  32  65  68  51 
 25  64   1  80   5  88  62  66  59   9 100   7  39   3   8   2  11  55  42  43  37  87   2  69  56  15  88  56  75  31  56  30  47  43  76   5  68  90  10  23 100  56  88  20   8  31  41  86  91   1  58  69   4  61  66   1  15  42  20  95  81   2  25  82   3  89  99  96  78  51  78  54   4 100  51  68   8  37  13  55  69   5   6  77  12  61  38  12  16  42  42  42   7  49  46  92  41  18  82  64 
 90  34  69   0  25  96  13  56  25  76  24  32  56  15  15  57  33  36  53  78  54  38  63  31  86  23  72  60  63  72  54  15  86  69  90  21  53  46   6  49  63 100  94  95  48  73  83  58  36  24 100  69  21  43  37   0  83  78   3  17   2  22  30  61   4  16   4  30  16  75  61 100  45  46  44  30   5   4   1  88  51  31  77  37  37  89  16  74  36  15  46  16  15  47  66   3  36  82  36  10 
  2  36  29  32   4  36  99  68  93  68  39  77  46  77   7  14  26   5  24  81  26  52  71  88  56  93  79  99  52  31  30  75  33  59  34  64  31  76  53  49  76  87 100  40  29  98  34   6  46  72  63  45  32 100  58  46  76  86  86  88  51  92  43   6  62  31  80  79  72  10  94  56  60  16  61  96  86  52  41  13  59  52  88  55  61   7  87   3  85  85  79  91  13  52  72  25  49  23  90  44 
 25  86  57  10  45  98  13   2  68  73  23  79  61  42  45  25   8  84  27  90  28  93  20  63  39  99  74  76  78  66  14  10  12  69  61  28  88  91  97  58   2  59  82  69  94  16  45  58  23  32  96  71  73  39  17  62  62  20  80  65  32  31  44  14  45  25  16  58   8  36  80  27  29  12   8  83  33  97  32   3  69  58  70  69  37  68  69  37  68  68  35  29  97  61  75  52  73  10  70  51 
 46  46  11   7  97  86  51  26  38  16  54  70  99  18  35  22  59  72  98  63  43  83  38  94  90  57  94  74  36  12  98  15  65   2  75  67  66  31  52  40  47   3  77  69  38  37  79  94  61  73  58  98  16  95  68  99  54  56  80   7  88  27  53  91  18  57  86   2  54  65  72  70  38  44  97  38   8  33  46  56  23   8  93  86  71   8  14  43  47  72  15  56  21   5  68  82  26  31  32  65 
 54   8  64   7   3   6  80  18  28  15  71  78   4  53  33  20  89   3  95  42  57  87  87  85  98  34  89  76  54  88   0  17  24  88  11  73  46  60  32  46  16  19  76  75  81  24  65  43   7   8  74  63  24  55   6  39  38  81  59  65  46  21  44  49  56  97  72  43  13  12   8   6  28  97  95  89  64  39  73  26  63  58  57  90  20  11  33  16  47  29  33  58  90  34  18  58  82  32  71  70 
 37  67  28  70  58  93  72  12  46  29  23  70   1  78  31  13  69  17  23  69   6  31  29  43  42  99  36  90  80  37  50  54  40  43  10  83  77  88  70  93   4  77 100  59  72   5  81  43  60  31  91   6  20  16  10  60  21  32  44  70  52  41  41  77   1  57  80  10  29  13  75  27  74   5  96  64  53  21  24  68  47  47  69  62   0  84   2  94   1   5  63  61  71  61  10  97  11  37  34  16 
 91  57  14  46  67  82  32  54  12  67  11  13  90   2  76  45 100  77  46  35  54   2  91  87  31  95  93  47  83  64  23  46  91   6  63   0   9  19  23  26  49  53  27  31   0  53  97  53  73  85  89  45  30  59  27  36  59  28  59  86  10  19  49  45  28   9  31   7  94  17  53  35  75  41  25  38   3  85  23  13  73  32  74   9  44  32   1  74   2  64  70  70  81  10  81  13  60  82  31   5 
 23  81  53  32  51  94   7  81  99  14  51  60  14  42  53  77  56  38   5  17  60  68  45  87  84  46  23  57  45  78  17  42  62  72  44  78  12  17  52  36  72   7  80   7  71  11  84  63   0  11  91  32   4   7  81  64  11  66  23  93  47   5   2  27  57  50   6  54  13  43   8  88  50  74  74  27  15  56  22  96  71  44  32  20  23  52  63   6  36  26   7  28  85  88  98  20  91  25  57  74 
  2 100  30  98  98  33   3   7  40  63  60   8  21  34  84  91   2  36   8   3  63  86   8  58  11  37  22   8  97  59  85  26  82  27  42  27  61  68  71  42  96  32  78  12  98   1  38  25  65  11  29  29  15  72  42  98  67  65  88  81  50  35  41  83  47  51  89  44  53  55  70  80  40  24  25  93  55  55   7  37  95  84  74  14  69  61  87  47  30  28  32  84   0  66   4  27  28  86   1  29 
 97  31  15  23  54  57  39  76  84  65  26  46  21  95  37  53  63 100  84  64  33  84  48  75  87  96  10  84  79  69  48  73  64   3  94  93  82  70  29  78  16  37   4  68  37  47  43  35  52  20  34  84  18  26  46  14   6  46  51  47  74  92  65  47  82  88   4  99  99   7   4  10  20  83  71  81   8  13  50   4  54  13  34  37  18  89  72  77   1  88  77  85  81  11  38  71  22  49   4  31 
 12   9  41   5  88  81  58  35  95  70  61  91  77  46  20  12  86 100  16   9  55  14  84  90  92  12  14  73  89  17   7 100  94  52  21  67  40  12  97  41  41  10  16  38  87  39  97  92  86  69   3  70   7  60  94  70   0  37  92  60  93  50   4  56  98  38  81  23  42  19   5  38  18   3  55  44  14  38  21  82  94   7  50  52  47 100  39  70  26  88  38  63  28  51  57  32  59  10  28  85 
 18   2  52  47  40  38  57  14  83  79   8  70  70  14  43  24  79  83  91  79   5  31  16   0  14  68  41 100  53  12  44  43  18   1   0  39  58  42  48  84  63  52  25  61  46   2   0  79  80  19  78  48  17  64  15  13   0  92  28  63  23  72  80  42  40  49   2  91  26  87  40  36  62  52  30  95  98  66  44  58   0  81  22  33  80  33  48  75  71   3  95  72  54  35   2  84  83  89  44  60 
 62   8  93  90  39  57  17  45  60  17  22  86  11  62  73  72  70  94  32  82  55  29   7  96   4  53  92   6 100  74  44   0  82  93  98  61  63  96  41  11  54  49   1  27   4  35  37  20  98  86  68   5  11   5 100  31  41  18  58  38  89  33  80  63  68  93  26  92  90  60  91  18  79  30  16  94   4  78   9  77  84   3  29  67  45  43   3  86  10  48  96  32  41  49  79   6  97  47  32  99 
 88   1  29  22  76  47  75  16  81   1  38  76  93  57  21  29  92  76  86  57  96  83  13  89  85  74  32  25  70  37  30   4  18  88  13  72  97  16  67  19  45  94  80  79  73  48  80  90   1  66  57  60   1  35  78  32  90  68   9  85  16  55  37  53   0  70  42  62  55  84 100   0  18  96  53  94  87  22  29  27  35  58  10  41  21  79  12  96  12  72  33  20  76  17  31   1  69  10   1  61 
 30  67  73  44  58  98  50  21  26  21  77  89  53  69  51  12  16   0  47  29  34   5  73  33  89  19  57  12  56  96  81  50  52  55  15  71  73  35  35  16   9  27  66  94  99  75  73  44  90  98  88  41  69  25  58  56  53  60  19  90  49  18 100  55  40  79  27  56  66  21  22   3  51  21  99   0  52  57  50  28  37  92  13  69  12  31  15  56  60  77  28  87  59  62  91  99  36   8  84  19 
 48  96  14  70   1  85  99  39  71  16  94  36  19  76  15  94  45  39  95  57  29  39  52  60  78  52  60  15  49  16  38  26  48   2  79  62  97  27  84   2  36  59  75   9  40  97  31  19  74  72  10  67  56  82  13  57  29  64  31  53  71  30  58  72  54  57  11  19  28  98  55  76  15  98  13  13  50  57  54  93   9  74  65  60  56  23  77  10  25  20  19  52   4  76   4  75  88  91  80  66 
 67  75  78  71  83  49   0  91   2  78  75  33  73  91  36   6  81   4  92  86   2  63  33  63  17  58  80  34  81  48  57  53  51  29  80  65  11  22  11  74  87  93  94  94  69   2  43  68  46  21  19  51  73  71  46  15  44  58   0  30  44  40  48  91  30 100  26  35  70  79  20  24  13  91  82  86  75  45  10  14  13  60  20  48  52  20  13  83  69  97  90  72  96  35  92  59 100  11  72  98 
 79  59  80  33  47  15  60  59  12  73  97  37  53  34  16  92  94  57   3  74  28  40  59 100  85  64  59  56  49  47  96   2  12  69  23  50  27   8  92  93   3  19   7  47  19  53  57  92  10   2  86  32  86  93  14  43   8  96  49  32  67   0  95  54   2  51  40  32  49  45  62  55  27  50   1  44  17  88  54  50  49  18  27  85  86  67   7  76  36  18  49  84  83  22  11  81  97   3   9  97 
 10  49  40  38  52  83  87  38  52  23   8  18   4  38  97  93  60  19  83  81  88   7  80  42  47  52  91  97  94  74  78  80  64  29  89  83  67  31  69  76  47  66  14  44  83  53  97  70  55   1  20  84  56   3  32  15  63  40  19  95  59  56  21  77  86  67  86   8  13  90  37  53   4 100   5  39  60  76  22  62  35  15  94  70  32   1  54  38  30   1   0  17  66  35  41  63  78  37  42  34 
 92 100  56  44  22  18  19  66  49   8  81  12  39  59  24  32  89  57  66  61  41  84  82  14  19   5  31  75   6  64  21  19  64  21  33  12  41   1  76  39  60  78   6  66  96   5  89  29  49  74  75  81  28   5  58  48  68  55  93  77  81  72  51  45   4  94 100  30  52  84  27  61  20   7  89  65  31   8  88  16  76  19  25   5  53  96  50   4  50  85   0  10  81  40  90   9  91  81  86  77 
  8  33  92  90  71  88  72  81  40  79  27  61  58  78  82  78  40  22  33  78  96  92 100  52  17  31  25  70  99  67  61  39   2  68  91  32  60   7  82  72  67  14  40  29  64  75  99  52  84  88  58  26   3  71  86   7   1   4  93  30  39  93   7  63  35  13  35  81  38  75  88  50  67  68  73  50   2  54  81  13  56  83  58  48  60   3  57  25  60  59  17  56  58  28  38  97  30  99  59  30 
 68  67  33  98  72  96  23   6  77  77  18  94  45  79  82  60  93  49  47  41  76  53  80  89  87   1   9  54  98  99  30  60  83  46  33  18  72  80  38  27   0  15  27  47  74   6  13  98  52  98  40   0  53  61  26  30  84   3  30  32  51  51  96  81  90  77  30  29  41  75  99  92  30  64  56  76  67  95   1  65   7   1  64  84  23   8  93  71   3  98  78  65  58  25  71 100   8  63  24  51 
 85  54  99  84  87  57  58  61  46  99  37  84  72   5   0  70  32   2  89  41  26  92  98  98  71  47  25  54  90  85  94  41  25  98  17  64  72  41  65  93  92  90  42  67  73  54  55   8  63  33  19   5  87  38  90   3  14  56  95  89  39  25  39  69  45  98  37  62  46  24  67  51  40  99   4  21  24  41  95  59  49  44  37  43   4  46  35  34  92  50  35  14  56  47  17  82  65   5  96  54 
 30  29  14  31  85   6  76  73   2  46  69   4  36  74  42   7  34  21  77  96   8  72  20  16  45   2  69  10  52  44  22  53  59   0  42  14  52   8  28   0  45  22  45  79  32  19  73  33  17  29  23  35  12  44  11  27  13  48  11   4  68  73  94  53   8  36  16  57  58  96  70  40  47  74  58  70  50   3  14  89   1  40  73  74  48  89  37  71   5  97  80  22  73  82  45  79  46  18  30  99 
 57  38  12  87  11  79  24  91  91  25  84  17   3  10  53  40  22  51  53  64  45  44  55  15  14  94  35  55  75   7  35  61  13   6  71  44  77   0  30  69   6  13  55  60  76  79  43  31  97  41  68  49  92  48   2  90  54  40  60  86  36  10  96  50  22  22  22  84  57  24  35  85  98  38  51  76  27   4  55  72  41   7  14  48   8   3  33  21  21  49  91  61   5  69  35  85  58   1   9  15 
37  2 24 46 15 40 26 15 39 24 44 21 12  8 42 28 46 24  5 42 36 25 15 42 29 33  2 16  1 19  7 34 35 17 36 15 20 31  8  9 22 20 48 11 13 45 41  5 35 43  3  2 48 14 16  4 36 30 31 31 14 14  4 10 45 10 32 43 21 20  7  6 24 15 46 32 48  6 16 23 14 17 19 20 16 26  8  1 39 42 39 36 10 44 42 35 43 35 45 20 
50 20  9 18 38 34 20 23 20 18 10 39 40 23 41 25  3 32 20  3  9  7  5 20  9 21 39 17  4 37  2 45 31 14 19  2 48 34 31 15 50 44 35 40 22 16 22 49 50 10  6 45 46 11 42  8 17 23 21  2 47 25  1  4 39  8 19 45 42 10 18 36 50 33  7 29  2 16 14 46 45 49 12 27 42 42 12 18  6  8 23  5 34 15 15 40 47 49 20  3 
48 33 18 13 46  6 46 18 27 35 17 44  4 16 42 13  1 46  9 17  8 14 23  9  8 37  7 38 32 46 34 49 31  1  1  3 25 25 18 44 19 31 43  1 11  5 49 36 41 17 34 42 45 35 18 35 20 45 11 35 38 11 31  9 28 46 21 44  5 14 30 29 38 50 10  1 16 22 33 23 21 42  5 18 42 48 29 14  1 42 24 43  2 23 44 31 33 14 48  6 
 8 16 30 11 11 14  4 39 13 43 22 49 25  9  9  7  7 32 39 47 30 24 48 22 47 21 39 47 43 34 40 22  1 20 37 19 31 38 18 25 30  9 48 48 26 10 25 14 48 41 24 34 20 35  9  3  4 36 37 26 50 16 20 30 42 20  8  8 45 29 19 17 46 22 48 16 48  8 43  3  5 47 11 26  3 11 44 38 39 27 31 12 43 25  7 17 36 14 37 38 
44 32 16  2 48 50 30 41 48 42  2 34 15  3 11 50  5 34 37  9 45 22 16 40 43 44 33  6 47 41 27 20 41 37 44 37 27 48 47 32 27 16 13 13 14 40 46 42 47 14 50 22 22 14 21 47 41 46 16 31  9 37 47 12 41  8  5 19 18 27  4 35 49  2 22 31 41 50 11 30 34 34 47 11  8 27 26 47 39  7 17  4 30 42 19 22  3  1  9 21 
41 22 50 50 23 45 33 31  4 47  7 37 14 13 20 36 13 16 17 17 20 17 49 40 40 47  1  1 14 39  6 46  6 28 46 37 48 37  7 45 18 26 25  2 29 21 32 17 17 38 13 35  4  6 24 30 43 32 15 26  7 43 18 34 24 10  7 24 30 10 36 32 11 21  5 34  8 23 49 43 10  9 25 31 25 27 30 10 23  7  9 38 32 24 23  2  9 35  8 15 
43 27 40 25 42 32 37 34 45 34 19 38 38 42 15 48  2 49 28 22 30 49 25 50 46 11  2 12 32 37 25  5 41 30 24 23 47  5 30 19 17 15 45  2 18 26 39 45 15  6 40 32  4 14 18 26 34 14  4 23 17 21 34 10 47 15 33 16 19 31 47 39  8 41 12 18 42 30 21 41 12 24 48 21 50  5  1 15 20 42 47 26  9 37 23 12 30  8 45  6 
45 47 40 16 25 30 41 31 28 29 22  6 12 22 24 21 22 34 21 32 36 18 20 41  9 31 22 12  5 32  7 38 13  5 38 32 30 20 10 43 34 13 24  9  3 20  6  5  9  1 32 49 41 27 39 49 33 27 14 28 25 43  7 43 26 12 29 22 37 40 23 12  9 41 45 24 32 18 40 44 33  9 48 50 20 23 37 23 15 42 15 26 31 13  8 22 18 21 48 43 
 9 48  4  4 20  8 44  7 31 38 26 21 13 16 37  1 10 42 17  1 40 20 44  8 27 20  3  4 48 16 46 44 26 48  6 15  9 31 38 11 22  7 12 20 27 25 38 17  7 28 25 47 23  6 14 43  6 50 19 41  8 34 40 44  6 26 24 21  4  2 15 48 10 32 36 21 23 14 45 24 37 30 22 42 17 10 41 17 11 41 24 50 27 45  5 14 17 11 15 29 
32 28 14  2  8 33  2 47  5 39 17 42 14 17 19  9  2 44 33 44 22 49 47 38  6 49 14  8 16 32 14  5 11 49  2  9 50 30 42  1 50 44 39 21 14 33 35 36 47 14 47 23  8 17 40 31 47 42  7 46 24 44 31 17  9 39 28 32 28 24  4  1 37  3 43  7 33 23 12  9 14 21 42 19 13 27 39 13 32 41 33 28 19 29 45 35 41 24 46  6 
 8  8 21  1 17 30 29 28 40 22 46 25 30 15  2  1 34 18  2  2 19  8 38 38  6 50 34 30 46 45 21 40 18 38 41 22 38 43 20 48 34 24 26 18 14 22 27 29 43 21 44 36 24 48  2 42 36 49 26 50 19  4 11 27 19 32 29 38 24 31 15 38 10 16 42 27 34 21  1 20 45 33 30 17  2 20 19 36 24 12 38  8 38 46 50 30 22 23 18 47 
44 38 33 10 10 39 31 22 44  8 32 41 34 23 19  2 13 40 34 36 44 39  9 44 27 16 16  2 20 31 10 25  8  4 49 33 18 42 29 42 45 17  9 25 39 23 12 26 10 42 10 33 42 19 27 10 19 20 50 22  2 46  3 35 34 37 21 22 36 18 43 20 17 33 11 21 44 22  6  9 26 15 32 12 50 40 50 31 42 14 10 39 22 31 38 23  6 24 24 44 
17 12 49  8 36 29 16 44  1 29  8 12 49 13 42 17 17 38 26 23  2 39 50 44 36 26 11  5 26  3 47 23 36 14  1 16  1 25 39 35  7 31 22 33 24 31 45 28 42 15  8 30  1 35 11  5 39  1 39 42  4 13 27 44  5 40 23 36 43 33 38 42 49 13  6 20 15  6 35 37 28 27 44 34  9 36 29 14 50 38  3 34 32 49 24 24 11 14 31 35 
18 34 31 31  7 50 30 21 20 29 42  1  8 17 49 50 37 15 48 26 20 23 17 31 39 23 12 31 19  2 12 27 27  9 10  7 30  1 12 32 40 30 34 22 13  2 39 38 17 39 17 46 27 30 19 49 31 28 37 34 39 50 26 41 20 46 30 26 47 41 15 13 25  8 22  2 48  8  9 22 34 43 39  7 25 16 11 26  4 21 49 45  4 29 38 37 22 41  4  2 
34 49 38  8 38 28 19  2 25 14 47 13 17 20 18 14 39 43  3 22 22  7 21 34 44  6  3 16 48 46 27 43 42 25 40 44 31  1 44 11  9  2 45 26 41 25 43 47 38  7  5 24 30  9 25  3 27 14 12  2 43 33 44 43 28 21  8 18 18 31 20 35 12 38  9 23  4 39 47  7 26 17 32  7 16  9 28  5 22 43 46 45 16 41 14 47 28  1 41  2 
 1 13 31 10 45 17  4 49 31  4 25 31  8 46  9 16  9 21  1 32  7  1  3 28  8 16 12  3  5  1 29 39  9 27  5 23 15 39 44 50 50 31 45 35 49 44 29 19  6 50 27 12 11 40 45 49 18 35 46 24  8 29 11 35 35 10  5 46 17  8  7 13 40  3 14 41 19 16 39 32 39 49  3 26 41 25 25 11 44 48 23 36 46 40 27 45 43  9 30 22 
40 32 32 36  8 10 25 10 12  3 22 40 24  8 37  9  1 34 47 34  1 24 11 17 10 36 50 18 39 25 32 18 22 19 13 39 12 48  8 31 38 29 31 35 50 32 12 46 31 42 50 36 44 28 31  4 17 32 26 32 45 32  5 30 22 42  4 29 25 40 48 19  5 28 21 39 22 42 40 10 15 27 48 35 27 27 42 21 40 12 22 50 36 41 14 15 50 25  9 18 
29 22 20 16 50 24  3 49 44 41 27 11 44 14 47 33 45 12 11 49  5  7 40  9 40 16 28  7  6 26 10 49 22 21  5 30 11 30 29 18  3 30  2  3  9 42 27 46 31 14 13 42  3  7  3 41 26 50 50  3  1 23 42 13 33 33  5 37 30  8 22  7 47 12  8 41 34 13 42 19 46 48 21 26 12 47  8 25 46 36 16  3 34 22  8 11 15 26 30 50 
38  7 40 38  5 19 27 40  9 43 36 28 35  5 10 31 50 27 29 38 44 26 26 34  3  6 15 26 13 29 12 38  5 16 13 46 13 50 16 16 21 29  1 17 48  7  2 37 43 16 10 22 28 17 43 20 16 48  6 16 37 33  6 25  2 30  2 46 14  7 16 26 44 13 38  2 39 19 46 16 11 40 30 16 21  2  3 32 36 47 50 24 11  2 33 13  9 19 37 16 
35 35 27 41 19 50 35 47 32  8 10  8 48  3 31 24 29  6 10  9 43 34 49 32  1 18 15 46 10  9 46 27 31 10 26 49  5 31 47 22  8 28  2 36 21 47 46 37 19 35 36 18 47 28  4 32 39 22 17  6 27  1 40 18 15 50 49  8 27  8 10 32  9  8 31 39 22  8 23 21 26 14 20 17 15  1 38 32 38 16 40 33  8 47 24 46 27 10  4 48 
12 40 25 46 29 32 22 45 34 19  3 14 40 31  1  6 25 39 45 29 14 38  4 33 33 45 31 19 47 29 50 44 19 42 17 16 11 21 17 49 11 42 50  5  4 17 48  1 16  8 39 11 40 49  9 40  6 34 41 30 36 28 15 11 40 18 50 42 18 29 46 16 29 14 20 47 36  1 24 27 49  2 22 33 21 29 39 34 11 40 17 20 48  5 22 32 49 25 21 10 
25 19 30 37 48 19 32  9  3 11  6  5 42 38 45 21 35  9 37 28  9  9 20 49 15  8 40 16 27 26 33 14  1 40  8 47  4 35  1 12 20 37 39 33 32 28 49 31 43  8 21  7  1 19 30 30 35 44  8  8 29 45 31 18 34 38 48 17 12 27 11 37 17  3 30 44 38  3 49 42 48 15  5 37 30  2 22 25 14 17 30 48 23 28 47 10 45 36 43  6 
45 18 26  8 14 29  1 13  7 47 17 11 36  7 45 38 49 31 11 50 33 32 41 12 42 22 37  2 26 44 33 45  6 38 19  6 21  6 29  5 50 37 15 30  1 41 27 49 22 41 17  9  3  9 20 35  7 44 36 33 31 46 26  8 16  1 11  7 45 45 44 38 38 23  1 22  4 19 15 46 30 33 41 17 20 36 37 17 27 49 18  3 15  4 33  6  6 48 11  7 
21  9  2 15  2 16 22 15 37 45 30 16 44 26 32 22 43 47 26 18  2 20 31 23 20 38 47 11 33 11 21  4 38 15 21 17 44 13 48 42 26 15 37  6 35 17 41 32  4 13 44  7 22 38 50 44 25  5 44  5 12 31 27 16 27  6 14 46 35 21 29 50 15  8 28 44 44  8 39  2 34 24 20  4  6 34 15 41 21  8 32  4 19 37  6 37 43 22 33 15 
50  5  4 19 17  5 11 39 50 12 18 11 31 31 41 16  7 39  6  6  1 29 20 44 36 40 48 39 25  9  4 36 24 45 31 25 18  9 29 37 27 39 22 29 41 26 49 43 22 25 20  4 23 38  7 39 24 36 36 10  4  7 21 22 20 44 44 20  2 45 33 38 39 21 16 25 11 40 42 41 22 48  7 12 31 10 18  3 42  7  1 47 45 31 16  5 17 26 49  5 
38 16 41 29 45 15 23  8 24 18 34  5 40  4 34 16  2 12 36 14 34 17 13  3 37 13 27 38 48 31 44 10  8 37 22 35 18  4 48 28 27 37 38 37 27 11 41 28  2 49 31 49 46  2 42 47 32 38 23 45 47  2  1  7 49 47 24 26 23 44 46 20 49 13  6 26 36 23 21 10  6  7 10 24 21 13 37 12 15 40 48 34 37  8 25 21 22 31  1 42 
15 39 10 36  8 16 10  5 48  7 16 31 22 35  6 38 38  8  2 17 43 29 41 27  3 42 37 42 15 23  1 35 31 13 31 33 47  1 46 13  9 34 26 36 23 36 10 47 26 43 33 34  9 10 35 14 31 24 17 30 21 43 22 31  7 48 42 47 41 19  2  5 50 11 26 31 14 18 35 23 22 16  7 39 33 11 15 23  4  1 21 37  2  1 18 29 49  5 24 45 
31  3  7  4  4 24  4 39 25 20 29 46 42 34 31 30 36 36 38  1 14 27 32 28 22 20 23 31 21  5 45  2 16  3 35 23 20  5 27 27 17  2 21 17 37 43 21 38 34 26 35 45 11 47 15 23 40 28 43 36 15 13 38 10  8 22 42 37  1 14 16 47 44 21 36 33 27  5 11 47 12 38 18 38 26 48 29 10  5 29 42  3 37 30 44 20 48 38 13 19 
44 19 32 23 44 36  4 12 38 47  5 12 20 35 29 32 23 27 25 48 33 13 30 10 45 23 34 35 50 43 18 24 35 10 25 27 24 33 22 23 47  6 39 36 19 11 48 22 32 11 20 28 40  5 34 50  4 46  5 46 23 47 28 49 47 14 17 16 19 45 24 10 12 33 36 23 41 40  2  9 18 31 40 30 36 41 30 40  3 10 37  2 25 12  7 19  7  5 19 35 
14  8 35 19 30 17 12 18 46 14 11 45  9 50 31 40 19 50 26 17 41 21 44  5 47 17 13 30 16 16 19 50 16 44 43 36 29 30  1 31  9 25 35 21 14 26 38 43 32 13  6 28 24 40 26 27 18 11 47 43 11 34  7 10  1 39 36 23 13 18  3 47 43 22  4 49 17  5 18 16 11 29 38 23 50 43 26 18 40  7 35  2 24 49 13 31 12 27 38 27 
18 50 37  2 21  7  4 40 39 37 36 43 48 34 25 21 36 38 22 39 45 16 48 15 18 36 35 45 35  9 25 33 39 30 44 22 48 46  2  4  7 21 40  3 36 39 12 24  6  1 15 14 31 32 16 15 47 32 28  1 15 46  6 49  8  6  6 24 31 42 32 19  9 16 10 15 35  1 40 39 20 19 19  9  9 10 45 25 19  1 43 42 47 38 23 40  9 41 13 37 
 2 28 36 48 41 38 38 39 33  7 10 37 47 49 46  4 47 20 23 23 13  2 45 27 12 27 19  3 13 27  2 10 40 21 32 32 39  3  5  3 30 46  1  6 45 42 50 44 18 21  5  9 30 13 10 12 22 44 16 14 20 20 15 36 13  7 22 40  6 46 13  6 16 32 47 32 37 15 36 15 18 35 41 36 22 17  8 24 42  2 48 50 10 15 15 25 44 22 35 19 
46 26 21  6  7 24 15 46 33 14 28  7 12 14 18 27 30 47  9 47 18 21 22  6 38 19 31  3 44 30 30 44 39 20 34 43  2 38  1 27 12  6 21 26 24  9 50 31 31  4 27 46 20  8  1 47  9 22 35 10 48 19 28 50  6  5  3 28 49  3 44 49 22 26 34 19  6 16 48 33 50 17 42  6 26 15  4 13 22 32 26  7 21 49 48  2 24 13 24 37 
 9  6 33  4 24 24 16 29 25  8 24 30 17 50 22 48 48 21 42 17 22 19 13 19 25 49 44 16 10 43 47 33 39 44 29 12 30 47  8 50 11  2 42 27 12 25 26  2 21 27 20 46 10 17 46  8  4 27 49 13 38 24 45  5 42 44 50  2 34 48 42 31 41  4 19 19 15  2 34 39 41 47 20 50 12 23 13 15 34 18 42 35 39 26 47 50  2  1 38 27 
 3 29 13  1 17 40 37 25 24 25  5 49 46 24 38 46 37 23 34 39 28 34 30 21 19 49 44 12 46 15 45 32 33  7 18 19 27 23  2 24  4  6 49 43 19 41  3 21 29 32 45 14 39 17 46 36 20 11 38 29  2  7  9 42 13 47  1  6 44 22  6 50  8 22 42 50 38 39 40 10 31  2 48 43  8  1 22 12 43 21 40 31  7 36 35 34 40  5 12 34 
 8 24 37 15 36  2 46 31 14 49  6 16 11 33 16 10 12 10 19 21 36 43 45 17  8 39 42 10 38 16 49 11 31 43  6 30  8  5 42 50 21 24 20 29 16 15 17  3 21 22 10 37 23  2 45 23 20 26 20 49 33 24 28 13 13 21 22 40  6 26 33 36 29 39  2 40 27 31  8 31  9 12 25 49 38 49  9 13 35 48 14 36 40  3  1 13 18 36 27 43 
32 28  1 43 25 41 32 33 48 46 34 45 27 12 26 38 35 16 23  4 31 30 34 40  5 30 42 42 28 26 43 30 42 21 12 40  1 45 35 19 40 29 49 11 36  3 37  3 46  8 32 50 28 10 28 33 28 35 18 28 13 43 48 36 49 33 41 24  9 44 38 21 10 15  4 32 22 30 11 28  1 41 16 46  2 20 49 46 15 47 42 20 15 38 22 12  8 34 22 49 
10  2 15 29  8 15 28 39  8 36 28 44 39 49 19 50 16  9 21 19 12 45 16 50 31 31 31 49 45 18 16 15 10 23  2 20 42 50 12  6 48 27  8  8 42 50  7 33  9 50 45  2 35  3 15 10 27 30 34 17 38 38  2 10 14 20 33 15 31  7 44 36 21 50 49 28 38  4 42  6 43 41 19 37 32 21 10 23 45  1 36 47 19 33 38 23  3 29 48 49 
48  7  1 11 34 50 23 14  3 11 47 12 49 17 31 21  1 34 22 34  3 50 44  5 23 18 47 26 50  4 24  5  5 29  9 12 22 20 47 24 39 18 38 31 31 13 23 24  2 14 23 38 13  8 35 30  6 35  1 45 36 43 43  1 49 10  7 36 47  1  4 35 10 16 29  7 35 38 18 10 18  1 30 13 34  1 41 13 10  4 18 21 34 16 16 29 40  3 33  6 
34 44 38 48 15 38 43 14 38 23  7 38 23 33 18 13 14 42 49 30 11 36 40 32 12  1 40 47 16 37 36 20 49 36 40 35  4 35 22 34 24 15 41  4 18 28  7 33 27 33 45 27 34  6 45 21 48 30  8 28  7 44 17 41 11  5  4 49 14  1 27 45 16 10 45  3 12 32 46 32 43 44 23 11 38 31 30 21 49  9 48 20 35 44 37 47  8 28 26 27 
47 12 27 15 35 45 49  5 46  6  1 31 22 26 20 24 12 22 42  2 26 26 30 34 27 30  8 50  1 40 26 20 25 44 41 20  1 42 50 44  4 33 15 47 49  7 17  6 32  1 45 49 21 36 25 43 13 29  5 32  6 16 13 47 39 18 34 39 50  9  9 50  4 13 20  2 37  5  7 14  8 31 42 34 49 46 21 30  5 41 30 17 21 29  2  1 43 14 38 31 
48 28 12 14  1 34 30 10 47  1 37 12 11 16 38  7 42 15 28  7 31 26 34 21 12  3 14 21 50 15 36 41 50 14 49 25 50  7 50 46 40 37 16  6 41 16 31 49 15 46 24 35 39 33 37  6 38 13 33 23 23  6 22  6 13 24 22 35 28 29 48 46 39 22 15  1  3 11 28 13 12 35  7 26 17 49 31 37 44  4 30 20 14 16 44 36 47 26 15  3 
23  4  8 27  6 12 39  8  4  5 12 37  7 44 24  4  6  4 21 48 25 41  2 40 16 34 34 14 23 50  7 11 48  4 13 41 31 31 35 45 44 34 27 42 12 36  8 10 40 12 50 49  3  7 34  3 20 18 27 19 28  6 13 32 49 27 32 21 49 16  9 26 26  1 15 45 45 26 47 10 16 25 39 28 26 16 27 46 49 22 42 48 42  3 42 46  9 26 25 50 
 2 48 11  3 39  4  2 43 26 46 17 41 46 21 23  1 43  1 46  7 13  9  4  3 14 19 26 21 49 21 36 48  9 46 11 28 44  4 46 10 23 47 29 42 26 11 43  4 11 31 36  6 13  7  4 14 42  7 18 44  3 30 40 22 17 43 49  5 20 38 28 47 27  6 13 14 12 18 48 40 34 29  5 18 16 27  3 14 18  7 21 16 49 42 32 30 44 22  4  8 
23 46 41 20 31  5 46 24  4 27 20  6 17 13 22 41 46 11 36 19  5  9 41  7 37  3 34  9 38 12 41 31 14  1 19 29 38 21 46 47 46 34 44  9  1 13 22 36 16 33 46 26 12  5 42 23  7 41  5  6 35  3 42 12 19 41 11 21 21  8 25 40  4 18 13 28 42 16 48 17 19 11 41 27 27 38 45 44 18 40 32  6 22 23 35  8 19 36 22 23 
11 25 26 25 17  5 35 50 19 24 46 18 11  9 11 49 24 48 42  4 21  4  5  8 49 30  1 30 16 20 15 12 48 26  6 16 49  6 17 13 14 40 25 21  9 24 25 17 39 42 17 12 44 14 19  9  7 12 19 28 40 17 25 50 11 48 33 30  1 12 49 37 46 45 39 16  2 18  5 36 40 36 35 31 20  8 27 40 30 42 13 10 46 19 28 28 22 26  6 20 
17 43 34 14 22 18  1 10 27  8 33  3 29 24  5 13 46 25  2 36 22  6 14 35 25 16 29  6 11 10 36 36 17 36 11  4 30 39  9 39  5 21 49 28 14 42  9 20  8 37 39 45 23 37 30 17 16  1  1  3 43 16 47 13 13 18 29 20 50 39  1  6 24 11 15 25 15  7 48 12  3 45 15 37 45 34  9  8 35 14 28 40 12 40 25 45 42 23 27 38 
47  7 27  3 37  5 46 22 50 33 27 25 40 10 37 22 19  1 14 25 21  5 31 18  3 17 45 29 14  8 43 40 15 42 41 11 46 50  3 47 12  3 43 17 34 33 35  3 26 37 35  7 16 50 46 40 15  4 32 49 31  4  8 37 15  3 24 47 32 27 42  9  1  8 24 24 42  2 27 22 41 31 48  5 14 49 28  7 45  3 43 30 22 24 25 38 48 46 21 17 
20 21  3 45 20 20 30 20 20 49  3 23 13  5 36  8 21 16 45 43 10 27 12 41  1 18 47 22 20 10 36  9 10 16 23 22 31 32 33 37 22 33 24 32 48 18 36  6 34 34 25 36 17 37 22  1 35  6 29 25 34 21 23  8 33 39 36 20 15 33  7 19  9 46 40 12  7 21 40 19 49 20 15 12 29 17 28 43 31 11 14 47 14 24 18 19 23 23 37 36 
 5 29 16 29  6 33 10 27  6 22 29 23 13 47 26 13 36 44 40 50 28 35 44 26 42 42  6 31 19 50 32 26 18  6 21 30 50  8 14 10 42 44 36 33 25 44  3 25 45 24 33 44 43 13  5 25 38 12 41 48 50 42 21 22 20  5 17 43 30  2 16 22 12 15  9  7 43 41 29  6  1 35 43  9 23 23 17 25 49 30 22  9  6 23 42 22  9 49 31 48 
10 42 46 36 20 15 28 38  6 26 13 48 12 47 35 29 31 30  9 12 10 19  7 12 38  7 20 32 16 17 32  1 34 18 19  7 27  4 26 12 45 17 16  5 48  3 44 13 28 38 41 48  4 24 50 38 19  9 18 28 15  8 25 50 12  2 43  1 37  2  1 46  3 46 50 24 46 38 17  4 16 40 32 34 34 35 37 42 34 45  1 33 23 49 30 15 20 17  2 26 
17 29 23 28 42 15 47 21 22 11 29 49 38 29 40 26 50 33 41 32 25  5 49 47  4 30 27 45  4 31  5 34 48 29 15  8 23  7 16 28 25 21 38 37  6 45 44 45 27 23 28 25 23 19 43 44  3 49 16 43  1 30 12  2 18 15 22 16 22 21 16 22 41 29 17 43 45 39 23  5 23 37 48 45 31 21 26 37 50 44 49  2  1 41 48 44 43 22 38 10 
 3 20 24  2 16 38 17 19 30 32  6 39  3 13 44  8 24  1 47 22 49 10  3 24 25 40 30 19 15  5 37 48 21 28  6  5 49 21 14  8  9  9 48 29 29 25  9 15  7 12 46 49 40 11 37 45 35 22  7  6 44  5 15  3 28 18 25 27  6  5 46 13 31 17 46 17 35 24 40  8 27 13 34  1 13 27  1 23 17 21  4 42 22 34 49 44 39 13  7  6 
16 23 16  8 13  4 40 11 28 27 22 37  7 11 16 27 37 30 30 24 43 37 15 21  5  4 23 26 45 26 25 20 42 37 23  5 38 13 36 44 13 30 45 18  7 23 40 43 24 27  1 42 33 48 43  5  2 39  8 47 18 37 11 16 11 24 48  5 50 35 18  4 24  2 31 20 46 48 48 29 31 11 25 42  4 11 16  2 35 18 50 43 43  6 23  3 14  1 22 18 
22 13 28 42 26 15 43 22  1 36  1 38  1 13 20 34 38 20 21 33 44 39 44  4 37 32 25 46 48  2 11  9 23 42 21  7  4 27 20 45 44 44 48 21 33  4 45  6 47  3 16 15  8 42 50  6  2  5  9 33  7 39 44 45 32 17  2 47 48 24 47 24 42 13 16 28 21 20 41 13  8 26 36 15 24  4 13 42 33  4 14 20 18 38 47 19 42 20 36  4 
32 21 35 13  7 25 26 36 40 41  2 29 46 17 13 40 11 16 29 23 19 24 10 49 38 32 12 42 41 12 13 38 33 16 48  9 41 28 29 18 45 17  7 30 21 30 12 31 32 11 10 35 28 19 10 21  6  6 15  7 41 37 46 40  9 10 21 43 18 28 49 27  7  6 45 42 35 21 40 24 37 35 18 16 15 19 27 31 13 10 47 48  4  2 49 47 38  1  7 43 
26 23 12 30 21  3  4 45 22 25 12 30 45 24  3 46  8  7 41 26 12 35 25 46  5 40 28 32 21 45  7  6  2 50 15 26 26  3 14 20 28 10 48 45 47 23  7 44  5  6 47 20 12 33 22 19 24 40 29  3 12  3 34 50 20 47 41 49 30 44  7 33 42 36 16 18 29  9 43 21 30 15 34 16 32  1 37  4 18  4 28  5 19  7 14 46 47 20 17 41 
49 39 42 21 24 14 25 34 34 41 38  5 40 38  7 15  2 14 33 17 18  5  6 32 19  6  2 10  3 20 48 12  8 17 27 18 35 40  1  9 29 45 34  7 22 34 24 42 31 33 22 22 43 24 44 11 16 21 25 18 17 29 46 31  9 39 47 13 11  6 48  6 43 20 37 29 19 15 15  8 18 27 21 17  7 27 25 28 41 44 20 40 29  7 23 45 49 25 10 37 
46 41 36  5 14 49 36 15 36 10 10 24 21 32 36 41 24 46 28 19 14  7 28 50 28 20 18 46 17  3 23 18 41 11  1 21  5 38 41 20 10 46 38 30  2 49  6 34 19 15 45  2 16 28 22 49 37 14  7  4 10  1  5 36 46 34 35 35 14 43 42 30 28 32 32  5 25 44 39 11 37 23 24 37  9 47 46 36  6 30  3  8 32 24  6  9 22 27 20 40 
 4 34 47 13 18 34 48 16 41 25 21 28 23  2 35 38 22 25 12 41 32 27 29 48  5  3  5 15 20 42 16 13 19 48 26 12 40 42 10 37  4 20  2 32  6 36 22 29 29 38 14 47  6  5  6 42 24 27 17  4 50  2 49 13  7 46  3 17 33 12  1 12 47  2  4 34 25 32 23 10 37 48 33 27 49 11 29  6  7 14 25  9 42 20  2 34 29 46 31 31 
13 36 21 13 28  5 29 47 30 50 24 36  6 39 18 13 39 49 18 43 44 21 50 27 34 33  3 46 35  9 20 12 46 12 19  6  1 44 17  6 23 37 22 41 29  7 40  4 50 43 34 25 16 18 23 18 32 13 40 18  9  1 46 39 17 36 39 11 43  8  4 31 30 13 41 16 12 47 36  4 31 17 24 39 43 16  7 33 38 47 26  1 37 27 32 17  8  2 14  4 
 7 42 32  8  7 12 13 39 19 50 31 50 27 24  4 42 42 25 17  2 17 30 33  4 50 20 20 24 27 43 17 31 42 22 12 17 35 25 12 47 31 38 37 43 34 21 49 39 47 43 12 11 16 18 50 39 29 33  5 20 50 21 32 42 30  3 15 40 14 43 18 22 26  9 26  2  5 49 27 38 30 15 44  1 17  2 36 28 33 24 48 13 46 22 21  9 26 16 29 31 
25 44 30 29 23 15 34 35 24 25 31 23  2 19 25 27 19 30 20 23 31 22 14 30 33 50  3 48 10 48  2 18 49 42 22 39 27 39  8 42 10 48 38 13 22 46 40 43 12 50  4  9 28 30 12 42 11 36 23 24 41 17 20 19 41 36 46  1 12 18 26 14 36 27 36 30 33  8 11 37 49 50 33 49 13 24  7 40 35 33 19 38  7 32 48 22 45  5 12  4 
43 45  6 18 43 23 24  9  4 24  1 30  7 37 33 45 14 16 34  3 48 37  4  4 12 13  1 18 17 24 27 23  7 43  3 20 35 47 23  3 22  6 39 16 22 40 24 27  4 29  7  9 13 34 40 49 44 45 12 50 30  5 17 44 44 34 43 19 11  1 16  6 44 33 47 23  6  1 23 23 50 23  9  1 26 15 29 40 46 31 43 38 10 11 14 35 32 46 39 21 
38 41 35  6 19 24  6 33 31  2 42 36 15 49 37  6 44 14 35  7  9 33 28 47  8  4 23  2 12 31 28 50 38 37 50  4 13  9 37  2 34 16  3 29 25  6  3 43 29 46 21 25 24 33 40 17 48 50 37  3 49 32 16 45 27  4 36 22 44 28 25 50 27 50 50 31 15 44 44 34 13 12  9  9 46  8 46 11 26  1  4  8 37 25  9 28 11 38 42 43 
10 50 31 50 19 37 42 50 17 14 10 26 10  7 26 47 33  1 13 32 29 19 11 50 10 30  4  6 43  3 39 27 43 46 43 37  8 29 17 35 42 46 21 38  3  1 14  6 35 49 36 35 34 50 22 15 43 12 18  4  8 49 47 41 32 38 44  2 22 46 29 22  6 15 16 10 18 19 16 37 16 23 44 45 42 46 47 17 31  1 29 21 42  9 49 34 20 30 34 33 
22  7 47  3 40 13  4 17 44 31 37  1 24 15 13 29 43 44 49 15 37 45 32  6 37 30 40 50 28 45 47 49 10 26  8 14 29 22 42 30  8 45 28 24 46 37 15  5 30 17  4 24  9 42 26 25 42  4 23 25 12  7 24 31 33 48 35 49 34 21 42  9 42 38 16 16  9 23 20 33  8 47  2 39  5  5 32 46 21 15 13 15 14 32 50 44 19 47 37  6 
29  7 44  4 36 37 48 27 18 32 47 35 22 40 37 32 38 19 42 29 40  3 20 41 49 39 25 40  4  1 14  3 14 11 11 35 18 16  5 45  8  8 50 28 14 48 39 49 20 44  1 32 17 43 32 37 40 45  8 29 32 11 16  8 21 46 20 38 45 33 15 13 17 28  5  8 44 30 31 40 16 21 16 29 26 41 36 40 21 17 50 21 13 30 39 38 42 36  6 14 
 9 27 39 37 35  6  7 39 45 39 13  8 12 25 43 31 45  1  8 33  8 15  6  5 25  2 18 32 20 39 13 33 48 10 16  2 30 30 41 36 28  3 22 38 41 26 23 47 32  8 30 18  8 30 23 39  6  1 39  5  2 34 22 33 20 43  5  2 35 12 46 36 45 40 45 41 44  7 42 34 19 11  7 19 42 16 27 50 14 32 35 10 32 21 45  3 17  6  7  4 
12 23 29 25 23 19 24 46 25 37 32 35 46 37  9  8 23 35 12 12 48 34 28 13 32 45 29  1  1 38 17 31 21 19 41 45 17 10 17 21 27 12 44 46 16  5 46 48  7 17 39  2 24  3  9 21 14  9  4 26 34 11 36 21  6  3 35 12 15 17 44 28 31  3 38 19 23 30 27 30 18 32 26 43 45 15 17 40  2 28 25 47 29 24 30 13 40 28 38 31 
28 25 42 37 22 14 22 47 40 48 27 39 47 15 27 16  7  2 49 15 34 11  5 44 27 12 24 12 41 10 30 17 29 42 25 26  3 37  7 17 33 45 16 37 45 49 34 16 21 10 38 39 27 38 41 36  6 13 47  7 23 50 22 26 47 49  2 49 21 49 32 34 32 26 14 19 33 47 30 47  7  8  3 47 36 37 29  4 43 44  1 47 43  5 40  8 17 23  6 20 
34 24 40 44 12 13 19 43 35 10 38  3 39 21 42 12 29 43  5 46 37 31 10 42 18 48 43 21  2  3 13 49 38 11 15 32 21 47 27 18  9  5 29 10 40 43 17 34  3 17  5 18 10 21 50 32 33 39 46  3 50 24 43 13 20 23  1 45 21 18  7 10 39 29 24 31 40 38  9 29 48 35 19 22 29 46 19 32 50 34 41 16 17 43 23 28 28 21 48 13 
33  5 10 50 25 17 16 29 35 14  7 19 25  9 32  9 12 35 39  3 37 12  9 26 45 47 31  5 21  2 15 20 33 25 38 26  2 24 40 14 11 17 17 28 49  6 12 12 46 27  4 20 12 29 17 15  9 17 37 34  8 48 18 37 42  1 12 23 13 30 24 37 11  2 37 34 46 15 19 40 15  6 20 20 24  7 34 22 29  2 11 48 43 22 31 25 48 26 27 24 
33 38 49 47 46 19 36 41 46 43  1 38 48 14 25 40 30 38 17 34 37 25 10 19 14 31 38 26 47 22 11  7 23 43 25 37 43 45  7 33 42  1 19 36 14 36 18 14 26 35 26 34  3  9 34 27 31 31 21  4 11 17 49  9 40 28  8 14 12 24  9 13 39  3 24 15 23 11 45 33  8  7 22 43 48 20 20 31 23 22 35 10 39 37 50 19 30 45 15 35 
27 24  4 12  4  5 14 36  1 36 48 36 23 24 38 25 27  4 11  9 23 33 10  5 32  6 35 22 50 11 37  1 48 49  5 26 34 48 28  7  5 20 26 45 25  9 12 22 45  6 13 11 45 13 21  5 47 39 16 23 14 25  2 37 42  2 37 35 26 43 12 20 36 28  5 31 16 32 17  5  8 49  9 26 43 34  5 14 16 14 19 18 50 32 32 22 15  4 27 17 
26 48 35 22  4 33 24 33 45  8  2 27 42 21 11 11  4 29  6 12 39  9 46 36  8 18 22 32 34 15 14 12  6  7 18 30 14 30 40 15  8 13 45 27 45 14  9 30 20 11 29 10 25 29 40  3 38 11  5 31 18 15 18  5 26  1 50 16  9 48 23  4 49 43 13 22 13  9  5 44 22 22 42 46  6 48 36 12 14  6 36  8 13 45 20 20  4 10  2 17 
26 46 13 18 11 17 38 22 27 40 20 12 40 30 38 36  5 11 40  4 16 49 16 13 12 48  7 31 38  7 49 46  2 20 15 36 29 15 48  7 25  7 39 37 30  5 34  9  8 14 28 25 43 38 15 46 16 24 29 20 16 35  9 47  4  2 48 34 21  9 32 40 30 39 29 33  6  3 45  4  8 14  6 27  4 21 40 36 41  3 24 45  6 37 20  1 37 49 35 14 
24 50  5 41 26 29 36 50 15 46 13  2 39 43  9 16 24 42 49 22 43 45 16  9 39 17 23 36  8 31 42 29 46  7 45 43 45 13 24 41  2 38 35  6  9 31 20 43 14 43 48 27 43 22 42 42  1 13 28 34 28 39  8  5 17 33 50 23 43 30 34 44 26 30 25 17 22 47 15 50 35 30 27 38 23 24 36 31 32  6 18 44 33 35 37 49  9 44 43  4 
 4 20 29 14 14 23 29  5 38  1 34 41 40 41  7 36 24  1 35 48  2  1 48 23 30 39 44  7 41 31 12  1 28 35  2 19 23 46 25 38 19 29 26 16  6 13 39 45 25 36 28 43 20 17  8  5 31 39  3 16 47  1  1 17 41 12 17 28 18 29 15 26 22 47 47 10 48  7  2 50 27 20 50 15 31 42 36  7 36 24  5 48 23 19 23 25 29  1 31 42 
 7 37 18 31 43 47 31 36 16 48 32 16 48 34  9  1 23 41  6 46 32 27 48 18 27  5 10 46 34  9 22 26 36 17 39 18 13 32 24 22  1 13 28 40 25 11 30 18 34 39 47 17 25 31 28 10 48 29  3  8 17 42 24 20 45 19 39 45  6 18 39  6 21 12 30 25 42 19 12 35 22 20 42 30 44 32  1  9 18  5 13 32 24 28  7 28  2 31 34 19 
14 42 38 34  4 48 35 44 17  4 13 49 11 23 17 36 12  2 40 40 17 50 23 37 35 49 36 29  1 34 50 44 21 38 21 43 37 32  5 14  3 17 50 31 45  9 46 47 31 23 11 13 13 45 29 41 35  3 20 24 43  6 10  7 50 11 24 11  2 30 11 18 25 30  3 46 46 50  3  3 50 12  1 20 49 13 42 48 13 10 42 33  5 46 10 35 34 47 22 48 
 8 49 48 36 37 50 20  4 18  7 43 26 40 11  2 15 49 50 31 11 40 24  4  1 46 26 37 34  8 20 35 32 34 14 16 42 14  3 49 43 28 22 48 39  5 30  5 48  6 49 47 34 49 46 40 26 17 16 40 38 22 43 28 12 39 33 38 25 42 18 48 16 43 47 43 28 35 21 30 12 42 33 32 19  7 28 26 40  1 35 34  8 38 18 23 44 45  6 15 39 
44 12  6 38 19 27 23  1 35 36 37 20 41 17 36 27 19 33 17 15 38 30 28 41 18  6  2  1 48 15  1 42 21 13  4 48 15 41 18 23 11 11 38 28 45 21 49 34 42 42 27 21 20  5 31 38 47 44 35 34  3  6 34 13 45 36 31  7 35 21 36 38 31 22 12 14 20 24 17 25 13 40 44 37 45 15 48 48 24 38 26 32 23 30 44  2 46 46 17 19 
29 16 50 46  7 27 11 41 22 47 41  4  7  6 32  6 21 47 35 20 47 34 35 20 26 37 22 37  2 20 15  3  4 23 19  9 38 25 30 14  7 46  9 34  4  1 50 40 40 46 31 38 10 20  6  2 33 42 22 48 34 33 11 39 44 44 46  8 30  5 38 37 33 12  8 15 48 17 43 50 36  3 21 37  9 40 29 12 14 40 28 19 43 45 30 39 23 23 20 38 
23 19  9  7 49 13  2 28 14  2 20 33 27 10 40 28 48  6 25  4 44 33  6 44 38 46 34  5  1 16 42 34 21 11 31 44  6 22  7 14 10 47 21 13  7  8 33 42  6 39  7  9 50  6 15  8 30 29 18 42 35 44 24  9 31 50 32 32 50 49  4 20  9 31  3 39 39 34  6 24  9 21 43 27  8 12 33  9 25 13 49 21 47 10 19 31 23  9 25 32 
38 15  6 48 11 40 22 24 11 38 20 49 22 32  8 43 29  8 14 30 47 44 21 49  5 29 37  3 34 40 32  9 40 26 31 43 50 14 49 35 26 46 15 21 12 42 13 24 11 35  2  2 42 18 29 37 37 20 41 14 18 50 48 15 37 43 50 29 27 21  3 44 42 32 48 47 38 13  3 27  2  1 15 38 15 47 30 33 19 26 28 28 28 35  4 20 44  6 19  4 
 4  9 11 48  7 47 41 21 46 25 23 27 17 38  8 39 46 30 50 45 43 11  8 28  7 38 18 10  2 44 40  4 31  3 36 29 15  9 12 16 50  1 40 44 15 42  2 10  5 17 27 26 13 29 14 48  9 11 49 30 41 20 31 48 10  3 38  8  5  2 43 41 49  4 35 39 30 34 30  8  5 31 14 20 16  5 43 14 27 12 25 19  5 49 18  5 21 20  1 16 
12 18 12 35 38 20 34 38 50 38  8 23 50 25 34 10 25 38 15 43 37 22 16 48 27 10 16 23 20 38 15 42 18 27 20  8 20 43 44 35 44  8 10 43  8 32 15 50 15 45 43  8 21 23 50 21 35 37 30 18 42 24 48 10 29  5 23  3 44  1 27 30 28 18 48 45 20  2 42 46  8 28 10 11 50 42 17  3 41 20  2 50  6 30  3 33 25 14  9  5 
46 40  5 32  9 11 28 15 50 11 20 36  3 29 49  9  5 14 35 30 18 12 24 47  8 50 22 25  5 32 24 30 31  9 46 15 13 34 41 40 11 23  4  9 28 46  7 49 44 13 46 40 26 15 47 11 46 48 47 36  5  9 27 34 13 26 49 13 48  4  9 23 31 21 45 43  7 16 17  3 46 47 20 46 13  6 33 12 15 18 50 37 19 30 22 13 32 47 47 43 
11  9 44 35  1  9 44  1 32 41 24 10 21 50 16 10 41 31 12 35 29 49 15 21 12 21 45 24 10 19  8  2  7  1 28  7 37 12 16 47 19 18 14  7 13 10 11 29 35 39 49 48 28 20 43 16 24 28 35 40 22 35  4  2 41 27 39 21 36 10 38 22 26 11 19 49  7 37 49 45 44 41 31 50  7 15 31 12 13 42 10 11 17  9 48 47 48 10 39 23 
39 26 19 25 13 21  5  6 10 31 40  3 46 22 29  7 38 27 21 31  1 29 26 38  8 24  4 12 26 45  3 12 45 37  6  3 16  3 31  6 29 35 42 46 39 15 44 35  5 46 23 20 31 41 28 48 35 39 24 14 44 30 15 39 41 26 50 44 46 42 46 17  8 17 22 28 38 20  3 28 26 16 26 21  9 24 40  8  6 38 42 40  4 24 26 46 45 47 16  6 
39 28 34 36 34 11 21 28 31  3  7 18 18 45 12 40 22 31 33 30 49 34  8  7 18 42 43 31 17 29 43 41 13 10  2  4 20 22 28  2  8 47 21 17 28 12 29  8 43 25 45 11 41 17 22  9 29 37 24 37 49 34 42 36 27  6 47 50  1 33 13 40 42 10 36 26  4 29 46 46 19 37 10 34 25 48 45  1  6 38 34 44 29  6 45 47 26 37 32 38 
33 35 15  2 37 34 18 24 12 44 22 32 44 38 24 21 13  9  5 27 44 23  8  8 40 37 27 30 47 47 30 32 15 38 50 14 38 48 27 24 20 35 37 47 10 36 21 35 46 48 38 49  8  5 47 34 48 15  9 23 12 12  2 42 29 47  8 16 13 48  4 43 18 28 37 39 27  3 40 49  6 44 33 25 12 36  3  1  7 11  6 41 49 18 33 45 24 31 47 50 
26 35 43 21 22 49 14 19  1 13 47 25  3 13 23 26 39 17 47 39 22 11 35 46  9 18 18  2 16 48 17 43 13 39  5  5 19 12 42 22 44 29  2 47 46 36 37  7 34 28  8 41 12  6  9 13 10 19 19  1 35 30 29  3 35 20 25  8  8 42 32 28 34 43 33 40 36 28  9 45 35  9  6 26  4 20 31 10 11 24 41 36  1 17  9 31 48 12 28 50 
47 30  7  6 10 37 40 20 46 24 36 41  2  6 24 39 21 18  5 20 45  1 26 50 31  3  3 21 24 39 35  5 47 47 33 16 10 38 42 48 17  1 49 30  6 25 15 47  8 28  8 16 20  8 50 46 45 20 38 10 42 42 19 35 29 48 50 30 16  3 11 48 40  4 31 21 45 39 48 38 27  2 41 21 29 13 49 16 15 47  8 13 20  2 22 25  1 31 39 46 
 7  6 50 27 14  7 32 32 41 22  5  9 23  9  2 20 15 26 28 47 28 25 20 33 32 43  7 42 19 15 13 35 25 40 43 22 43  4 19 14 33 29 49 18 25  1 39 37 48 23 44 19 48  5 39 15  3 50 24 35 32 34 31  4  3  6 13 49 35 40 48 28 10 49 39 24 50  7 27  4 23 26 24 23 22 19 47  3 27 29 24 44 42 29 22 47 36 44 45 37 
 9  6  1 45  9 12 14 15 31  2 20  9 43  5 25 23  2 17  7 22 35 30 28 25 24 42 35 37 24 18 13  1  8 22 30  4 36 21 16 31 15  3  7  3 30 15 18 19 37 39 10 20 35 19  3 27 19 21 14  3 25 40 20 21 17 45  9 15  6 13  4 35 40 18 24 21  1 26 18 25 50 29 23 10  2 37 13 36 47 31 21  6 38 17 35 26 25 49 30 36 
10 42  4  6 14 27  3 18  6 37 14 14 21 12 30 32 12  9 42 47 12 45 26 24 11 34 26 42 22 24 32 26 37  6 32 27 48 15 21 43  6 26 26 20  5 27  7 49 46 22 15 26 40 21 16 34 37 24 25 46 27 19 27 15 50 21 19 46 19 33 26 50  4 23 47 21 33 38 43 38 18 15  3  2 20 33 41 28  1 21 32 44 28 50 25 48 12 37 32 13 
 8 40 28 17 22 13  7 28  9 35  4 39 20 11 22 26  5 45  3 30 24 31  6 35 35 47 43 21 10 25  5 45  3 25 29 45 14 29 25 33 25 45 32 24 35  6 37 34  7 11 39 39 47 49 15 43 35 30 15  3 32 37 19 23 17 10 30 44  9 14 17 38  8 12 11 42  2 50 10 38 26 35  7 48  5 25 42 11 50 20 43  6 35 38 32 29  1 37 10  1 
 3 15  6 29 19 24 20 31 46 42 17  6 46 45 29 12 11  9 23 21 35 16 47 22 38 15 23  4 17 38 29 40 10  5 26 16 26 14 41 14 30 23 37 48  3 14 49 32 35 28 38 44  8 14 44 41 10 50 49 45 27 26 49 30 26 29 30 26 23 45 48 22 43 13 37 13  6 49 17 26 10 43 48 22 11 38 46 42 19 11 44 24  7 24  6  1 17 47 18 45 
