10 10
 15  35  98  27  10  79  40  25  70  13 
 16   2  92  40  79  45  49  67  96  63 
 44  87  12  63  96  76  23  61  32  86 
 35  65  12  28  16  37  25  35   4  33 
  4  91  65  77  77  63  54  73  82  86 
 63  25  64  39  31  60  39  30  37  82 
 66  21  83  48  72  79  95  51   6   7 
 62  60  65  70  90  19  85  39  95  47 
 24  32  74  26  78  19  21  63  18  71 
100  78  68  14  46  97  52  33   1  58 
 1 41 47 43 11 38 18  1  7 29 
23 20  7 25 46 47 43 45 41 34 
25  6 17 49 24 15  2 13 32 11 
45 16 31 28 32  7 28 13  6 27 
 3 21 35 19 15 44 47  3 48  8 
19 15 10  6  4 44 24 49 44 20 
10  4 48 31 19 15 27 13 20 36 
 7 20 33 27 12 35 35 43 36 18 
10 46 23 48 14 23  9 12 48 19 
 5 18 12 48 41 47 18 30 20 23 
