50 50
 94  47  82  14  79  12  80  44   7  70  72  67  49  70  93  75  56  29  86  84  47  61  85  75  80  20  53 100  91  35  63  22  11  40  84  94  85  41  70  43  83  66  47  93  15  17  25  54   8  60 
 17  62  46  75  25  46  70  33  65  13  24  34   5  67  10   5  68  52  10  94   2  72  94  17  34  45  95   6  23  86  87  91  55  92  69  96  32  19  72  84  47  53  26  15  59  11  21  15  59 100 
 79  41  10  11  10  53  36  91  95  36  20  19  62  52  63  85  32  36  27  70  70  42  33  58  58  38  23  41  16  95  74  13   3  36  72  78  88  68  78  32  88  34  17  85  15  39  68  85  86  54 
 39  76  78   6  72  34  10  53  95  63  42  47  71  92  47  29   3  53  18  77  27  31   0  39  16  21   6  22  55  93  87  81  89  63  21  63  22  80  12   9  43 100  37  97  65  38  84  20  50  22 
 64  16  96  92  38  42  68  25  82   0  50  51  51  30  41  44  61  36  26  87  55  60  83  88  38  31  90  69  98  37  69  98  91  34  91  19  38  65  80  29  68  17  81  40   0  41  92  89  25  63 
 85  58  56  57   7   4  80  45  17  90  63  49  87   4  26  80  89  33  45  81  57  70   2 100  49  30  26  17  16  27  77  98  60  55  24  76  55  67  27  25  21  34  26  14  71  78  44  49  54  49 
 67   0  81  12  89  87  56  37  57  66  35  50  58   2  51  23   3  33  17  32  31  67  67  98  49  69  15  73  14  26  55  34  22   2  31  43  55  86  92  81  19  83  12  59  99  78  19  85  47  31 
 79  30  34  99  38  47  19  70  26  98  64  51   2  21  46  53  75  70  23  86  98  22  99  23   9  33  37  49  85  92  99  43  65  20  76  42  18  63  56  48  83  86  26  82  70  74   6  63  87  55 
 52   0  88   8  65  92  83  27  79  51  18  45  87   1  76  78  97  82  35 100  96  49  89  25   0   3  47  36  63  51   0  38  14  39  68  35  31  26  72  69  12  51  77  28  93  62  47   6   2  45 
 61  10  22  72  77  86  91  84  98  29  88  90  53   2  67  82   0  69  51  14  36  25  39  56  19  30  13  45  33  44  53  84  93  13  35  13  86  39  94  81  15  57  13  31  38  44  27  64   4  95 
 92  25  49  84  36  82  73  26  79  74  78  29  15  30  86  57  69  43  63  30  83  50  66  26  36  83  25  95  83  24  18  89  56  49  55  22  39  81  14  78   0  63  11  89  14  56  91  98  74  57 
 91  63  77  61  76   5   9  45  25  35  50  47  35  61  70  99  44  34  51  68  71  16  61  11  28   7  91  74  26  11  23  96  17  59  74  60  83  24  92  66  27   5  39  49  20  66  49  43  36  11 
 91   7  97   5  66  40  62  58  17  99  31  22  25  76  18  87  44   8  51  92  52  32  86  52  69  24   5  65  24  87  13   8  81  37  99  83   1  31  44  51  40  96  77  24  71  62  16  14  33  68 
 99  36  31  49  54  14  35  69  64  66  32  41  16  82  43  77  12  42  22  12   0  34  94  80  91  31  28  33  93   4  44  79  79  91  62  25  18  15  98  40  84   0  35   3  70  68  22   4  82  31 
 79  64  96  60   2  60   0  53  55  67  93  86  48  31  85  65  14   1  30  18   3  36  48  26  58  36  83  10  37  80  17  42  12  82  13   9  52  97  27  98  21   6  35  43  50  25  94  74  91  36 
 56   1  29  79  68  39  20  54  50  67  20  94  90  52 100  64  45   7  52  73  83  63  59  86  85  81  93  86  22  25  93  44  77  53  20   4  92   1  57  68  83  49  79   2  94  85  86  59  55  46 
 80  88  44  36  20   9  36  71  24  41  90  71  24  79  92  81  81   7  37  33  87  84  95  81  70  86  31  36  38  96  63  93  19  47   4  74  23  27  50  83  97  46  72  19  20  10  95  85  94  70 
 50  24  39  86  12  17  13  32   6  20  93  25  85  95  99  50  67  33  78  66  84 100   1  28  25  47  35  64  56  95 100  22  26  78  32  67  29  70  69   9  48  72  37  31  28  53  11   1  16  98 
 67  55  58  60  74  20  22  21  32  53  19  67  56   8  72  40  70  77  59  21  11  17  77  10  26  44  10  13  51  28  37  14  70  48  67  24  22  59  12  98   7  29  17   6  64  87  68  21  25  38 
 98   3  95  20  26  55   0  49  48   4  55  44  50  34  78  39  37  17  25  63  45  80  91  28  53  72 100  57  31  49  58  45  71  43  70   8  56  56  32  60  73   6  39  66  38  38  83  74  14  37 
 60  71  56  19  12  96  81  34  45   1  25  72  22  27  46  84  95   1   5  36  42  33  10  24  64   0  11  20  35  22  28  45  26  97  43  28  91  50  83  92  12  20  58  90  74  45   5  39  84  39 
 25  39   0  93  90  46   8  60  50  27  83  79  76  13  14  62  32  48  71   0  50  96  41  52  21  97   6  84  89  43  58  69  34  77  43  16  38   1   8  26  66   3  27  65  15  67  22  51  29  21 
 57  82  65  44  14  62  95  80  51  53  81  20  76  24  74  55  57  25  22  74  41  86  21  72  51   5  33  97 100  34  59  56  21  59  97  90   9  40  78  15  72  94  32  55  20  77  59  88  89  44 
 73  16  28  47  74   3  30  73  50   6  53  48  45  70  42  65  54  79  28   2  37  66  99  43  61   7   8  55  26  79  22   0  15  10  19  30  31  17  62 100  36 100  60  17  19  34   3   2  76  44 
 44  95   6  52  88  21  29  37  29  12   0   2   1  52  42  90  75  80  66  32  29  89  47  51  21 100  97  84  89  45  80  26  33  41  25  52  91 100  30  52  20  31  46  81  34   2  69  82  10  99 
 29   6  85  16   2  42  48   3  34  89  90  82  53  21 100  28  57  13  10  24  50  77  24  19  50  48  41   7  31  63  11  43  81  22   7  49  48  47  37   8  45  38  25  51  83  13  87  75  17  21 
 95  42  23  86  16  46  45  32  75  59  46  98  39  72  47  52  79  55  74  54   6  94  93  51  90  32  63  12  94  25  55  70  66  50  66  11   8   7  44  69   1  15  62  93  34  98  38  46  16  99 
 68  68  13  47  70  18  78  88  47  56  18  32  89  71  68  65  45  50  72  24  49  67  72   6  44  98  36  86  56  79  29  28  43   6  27  37  25  80  14  78  31  53  27   9  36  47  55  39  71  90 
 43  78  16  91  93  62  31  95  28  37   4  62  94  79   5  68  77  15  45  32  94  99  44  16   4  11  20  95  54   7  69  96  65  29  34  86  33  21  35  88  49  89  38  65  10   9  43  91  99  90 
 33  65  73  20  90  80  40  30  48  78  32  32  56   5  18  98  44  95   3  52  63  56  50  78  49  21 100  86  99  25  33  29  43  67  99  65  59  38  28  38  93  23   1   9  90  16  45   2  89  92 
 17  26   5  94  62  37  14  83  47  70  94  28  93  52  28  39  77  58   4  84  86  14  86   4  47   7  88  35  54  13  40  31  14  31  83  99  21  35  47  87  82  67  14  12  65  21   7  52  42  25 
 76  50  47   8  78  85  59  14  83  75   7  87  10  98  91  17  16  86  79   9  87  29  34  34  24  41  75  75  51  21  25  19  70  40  66  90  57  78  11  37  57  15   3  30  44  76  86  41  45  10 
 67   6  11  40  87  55  28  23  88  99  73  42   4  69  33  69  62  23  98  60  39  98  96  20  61  63  32  81  17  46  67  57   8  35  83  99  94  28  13  98   0  45  76   7  35  73  19  70  82  60 
 47  30  32  36  67  95   9  59  79 100   4  11   1  36  55  24  71  54  58  73  55  78  81  81  67  77  65  89  24   6  66  56  50   8  46  53  82   6  10  66  73  66  49  37   8  56   6  24  48  35 
  7  19  86  86  13  44  80  52  45   7  53 100  72  27  63  14  25  12  46  92  90  11  78  85  32  69  83  80  46  69  90  46  73  43  87  17   7  57  87  28  75  74  85  40  78  40  49  72  47  75 
 61  57  68  43  36  91  56  24  13  68  92  44   9  18  12  45  14  15  42  18   1   4  24  92  61   4   2  62   6   3  30  25  79  85  97  30  56   4  94  74  95  44  30  95  81  73  93  51  21  89 
 70  85  44  65  88  55  26  38  18  88  91  18  16  87   0  38  18  13  97  85   0  75  62  34  81  63  22  66  55  73   7  54  84  90   2  10  51   8  19  38  54  86  16  76  45  49  79  33  48  14 
  2  79  42  35  59   8  30  89  77  60  66   5  69   4  65  19  97  73  52  57  98  80  66  24  22  25  91  13  11  99  96  94  21  64  96  53  50  99  86  37  42  60  62  31  34  60  98   7  75  68 
 10  24  79  58  61  31  40 100  22  21  58   6   2  88   2  62   1  80  28  41  27  42  41  80  67  45  99  22  93   0 100  47  83   4  67  33  12  10   4  93  93  38  65  56  63  69   0  29  55   3 
 44  95  44  93  19   9  22   2  53  72  94  52  87  31  39  44   2  74  79  76   0  62  28  21  34  85  53  96  43  85  36  47  61  23  91  13  59  10  75  96  73  19   3  26   4  51  27  55  95  17 
 95  26  55  28  69  21  89  87  84  19   1  87  87  27  96  64   1  61  94  38  23  78  58  80  28  76   3  45  68  19  69  22  55  79  38  56  68  19  73  52  26  70  23  82  58  80  81  24   0  91 
 96  91  17  91  25  98  85   1  35  29  41  55  10  46  49  94   0   3  65  37  36  91  24  72  16  32  48  87  56  46  21  65  54  43  94  42  16  72  22  62  16   7  58  58  64  11  23  12  97  29 
  0  98  63  81  93  35  58  14  85   3  39   7  16  58  31  16  77  42  55  69  54  84  47  26  98  79   4  81  87  19  23  78  66  58  66  13  50  62  62  66  82  33  49  95  59  62   7  76   9   2 
 40  18  25  50  67   1  10  69  96   3  22   9  19   3   2  62  98  42  91  97  70  75   1  40  84  66  57  88  75  30  54  43   7   9  27   7  34  59  46   4  44   3  66  12  75  54  87  20  52  84 
 82  62  84  93  78  37  82  13   0  26  31  91  96  89  49  27  10   1  50  37   6  82  18  78  51  81  89   8 100  18   0  61  51  58  31  70  13  27  12  19  38  42  68  39  28  75  48  37  39  34 
  2   8  48  65  26  31  27  62   1  92  15  96  69   7   9   0  59  16  61  66  22  76   0  89  85  73  57  98  11  26  41  31  19  10  52  76  71  52  35  38  39  52  36  10   6  61  32  76   9   9 
 92  35  22  95   8  10  49  25  40  51  21  52  79  80  84  16  40  63  36  29  21  88  46  40  44  96  95  65  53  57  90  94  43  33  42  81  67  29  20  34  63  23   8  81  68  76   2  98  63  48 
 53  79  90  25  22  55  84  88  97  65  18  44  90  12  54   9  46  27  66  65  44  15  87  21  12  18  19  87  94  11 100  16   7  99  44  39  31  24  68  94  28  25  92  66  79  63  43   1  87  26 
 29   7  46  71  45  98  76 100  64  84  32  22  70  37  96  65  97  69  40  84  86  93   6  21  83  83  61  35  99  25  41  61  70  68  15  16   8  26  63  21  73  31  34   4  36  74  43   5  58  68 
 57  37  82  67  76  37  78  69   2  52  54  86  15  46  59  20  10  30  11  64   1  90  63  34   7   5  26   5  77  68   5  84  90  33  48  50  78  99  75  71  90  78  45  59  72  96  13   8  91  76 
33 35 45  7 40 47 18 39 20 33  9  8 30 14 25 39 40 30 24 36  2  5 25 18 36 47 14 30 28 32 31  8 41 36 17 11 13 13 34 45 23 11 36 47  5 42 14 25 50 24 
40  6 22 18 41 26 16  7 26 11  3  3 11 38 24 12  8 30 16 45 19 38 29 19  4 26 12 12  9 10 28 12 29 30  7 34 29 34 16 20 28  8 34  6 15 33  3 48 43 22 
 1 47 31 11 17  9  5 31 12 48  2 43 31 23 44 45 12 27 15 22 30  1 10 34 11 37 36 13 13 39  8  4 13 22 41 18  1 36 45 36 24  2 22 41  2  5 42 37 48 25 
13 20 13 16  1 19  5 18 46 34 29 47 27 21 31 37 46  2 38 37  3 32 31 47 44 13 24 48 24 50 13 47 29 31 48  1 11 48 23  1 14 40  5 43 18 25 21 16  7 36 
15 20 24 46 50 13  9  3 17 33  6 10 23 22 17 38  1 46 24 24 21 36 19  4 46 44  6 48 50 13 17 10 38  9 50 22 24 48 11 12 10 32 16 43 35 23  4 33 26 24 
37 16 15 15 13 22 49 47  4 33 25 37 17 46  9  7 10 29 47 20 50  6 33 10 41 31 25 13 14 45 44 34 17  4 43 19 50  6 49 13  6  5  3  7 10  5 30 45 50 41 
31 13 32  6 19 28 42 50 42 24 29  5 26 46 21 31 50 38  1 47 40 30 27 14 15 24 17 17 41 44 22 13 10  1 31 15 29 48 49 30 40 44 18 17 22 30 25 15 39 47 
36 25 16 17 19 34 42 14 31  4 27 32  8  4 37 26 26 25 32 13 11 37  6 11 50 41 44 23 23 26  3 32 39 18 37  4 19 10  7 18 20 48 14  5 33 29 13  7 40 36 
40 33 13 48  9 41 21  3 11 20 27  4 28 30  3 14 13 25 28 25 38 31  3 42 16 27 50 37 44 39 46  2 38 10 34  1 17 42  3 48 38 36 25 44 33 33 45 38  3 21 
 8 47 21  4  6 49 32 49  5 22 23 46 12 34  2 25 34 11 44  9  7 48 24  4 10 25 43 34 29 31 40 39 14 22  8 35  8 48  4 47 29  1 17 34 37 12  2 44 19 15 
 5 25 46 46 47 49 34 25 13 33 44 18  8 16  4 34  9 46 27 13 40 38 32 12 16 28  3  9 36 39 34 17 34 17  4 41 46 29 16 37 48 33 48 46 27 16 40 17 50 19 
14 50 38 18  1  9 43 42 45 12 15 23 23 30 23 30 35 13  6 29 15 14  2  1 44  6  4 20  9 25 12 33  6  5  9 41 26 26 14 24 33 48 24 21 48 33 14 25 18 27 
21 25 45 19 19  5 23 25 10 35 32 31 37 18 29 30 12  4 30  9 34 44  9 34 25 47 41 24 16 36 39  5 38 12 19 21  8 35 50 45 41 34 14 38 43 12 38 14 38 39 
 5 10 42 26 38 34 15 37 18  9 33 17  8 38 42 13 13  7 35 38 13 48 26  5 21 24 20 47 14 42 32  8 44 28  6 50 13 25  7 23 49 36 16 24 29 26 39 19 19 18 
43 14  9 38 12 18  2 27 47 42 18 41 14 12 16 35 32 17 25 49 20 34 25 31 42 24 50 28 22 41 20 49 34  5 31 38 29  7  7 20 43 33 33 22  7 39 43 43 28 44 
15 13 21 46  1 15 19 37 30 39 21  2 20 30 27 21  4 23 32 45  5  1 29  7 49 47 15 42 35 21  5 31 46 38 15 40 20 10 40 11 21 30 29  9 28 49 40  5 17 21 
43 38 21 39 46 27 17 16 23 36 14 13 44 42 37 15 36  7 34 14 29 19 13 15 35  9 43 39 21  4 46 10 36 34 12 31 37 43 30 16 16 29 23 18 32  5 12 21 11  4 
 4  3 19 32 41  3 45 12 20 32 23 24 48 31 14 43 21 23 17 14 31 34 29 19 42 27 18 20  6 50 20 47  1 11  4 16 46  1 13  2 13 35 50 12 15  8 10 28 21 18 
13  6 22 20 46 22  9 17  6 50 39  3 31 19 38 28 22 16 29 37 22 29 12 33 29 40 45  1 37 26  2  5 43 28 25 20 24  3 18 45  4 50 31  1 50 41 13 48 24  1 
40 14 19  3 34 33 31 32 15  8 17 48  6  9 21  8 26 31 12 49 16 30 32 28 44  7  9 29 16 15 12 25  8  2 25  3 24 50 20 29 35 40 49 15 22 11 30 17 25 45 
23 21 48 26 38 20  2 43  9 26 16 39 36 36 36  7  2 17 29 46 14 11 34 21 38 29 50 48 44 36 28  1 29 48  9 16 20 46 25 41 40 34 30 36 23 32 38 15  6 13 
 5 47  3 41  6 49 22 23 11 42  8 15 11 13 34 42 19 11 42  9 21 41  2 44 43 17 18 41 39 23 21 29 24  4 25 27  4 50 36 50 24 19  9 13 40 15 21 42 48  4 
20 11 12  2 26 35 21 44 36 43 35 30 41 44 31  4 46  5 44 46 24  1 44  3 25 10 21 48 19 41  9 14  2  5  2 30 27 47 42 18 43 34 26 21 30 30 27 48 26 23 
44 50 36 23  6 25 17 36 23 22 46 19 30  8 39 36  3 33 35 42 28 48  8 48 18 25  8 16  4  1 37 15  6 26 48 37 40 11 20 47 50 24 18 46  5 34  6 40 10 41 
28 23 17  2  1 33 27 21  1  9 11 49 47 47 42 41 25 22 31 27 46 33 43  7 44 28 37 30 27 13 28 10  8  9 40 44  3 30 26 21 28 10 21  3 40  7 44  3 32 14 
 4 21 34 30 47 15  9  4 16 11 31 24 45 20  4 17  3 25 50 26 42 34 43  8 45  7 36 17 13 23 37 48  2 24  8 40 34 32 41 30 14 21 46  5 28  5  3 45 12 24 
26 36  2 22 14 37 13 20 39 47 35 12 47 43 23 45  6 35 30 26 28  2 29 37 11 41  5 48 11  4 36  4 16 41 16 20 31  8 41 31 44  5 11 19 27 34 36 13 22 47 
22 33  7 27 50 38  1 29 43 14 29  9 47 12 47  3 48  5 37 15 24 21 39  2  1 50  1 13 29 15 35 45 28 25 34 18 29 29 48 24 39 38 43  9 27 45 16 48 23 17 
42 35 41  2 50 24 44  8 23 37 33 30 29  8 41 36 14 21 19 47 37  6  5 12  1 21 26 45 20 49 38  6 44  7 40 20 14 18 49  8  5 47  2 44 27 34 36  8 16 20 
 7 43 27 10 12 15  8  2 14 18 50 33 25 22 27 45  9 21 50 33  5  4  5 35 37 19  5 15 49 11 25 10 45 15 20 17 13 36  3  2 19 33 11  6 39 37 26  9 41 10 
25 37 15 50 25 21 47  8 46 22 38 29 26  4 25 10 33 34 49 32 45  7  7  7 28 38 43 28  9 23 17 39  4 30 27 15  4 47 48 16 10  6 17 39 11 14 37 19 45 47 
43  1 35 19 44 26 36 16 40 34 23 42 19 41 46 12 35  7 32  1 39 16 34 34 35 10 39 42 45 40 32 37 14 25 46 28 11 48 23 36 36 44 30 49 15 30 34 48 17 28 
16 40 32  8 39 43 42 25 19 44  5  1 31 12 50 15 16 22 14  8  5 43 23 27 39  6  6 38 27  6 10 25  9 40  5  5 24 37  3 11  6 38 13 12 22 33 35 13 42  5 
11 11  5 42 16 25 33 50 40 22 15 18 25 33 44 48 21 23 17  1 26 27  4 17  2 36 25 36 22 28 13 32 34  7 50 48  7  4 23 17 41 40  5 30 15 20 34 35 42 46 
 7 28 29 27 44 31 32 18 21 27 18 47 30 39 32 23 41  4  6 27 39 10 14 37 37 14 48  6 35  6  5 11 34 47 10 36 48  4  2 16 47  4 28 39 39 33 23  1 22 49 
47  4 49 20 40  7 28 43 42 35 15 41 16  5 25 25 36 48 38 34 14 38 11 26 34 18 34 43 26 45 21 42 43 41 13 20  6 33  2 25 40 39 45 43 12  9 50 19 18 45 
42  3 25 22 30 33 37 16 19  9  2 40 30 13 50 48 36  3 40 17 27 11 30 20 30 41  6 21 25 43 16  5 15 20 30 14 31 37  3 31  8  2 31 31 31 38  2 37 36 24 
27 25 40 40 13 29 26 43 45  6  6 28 15 31 49  1 13  5 47  4 28 29 14  5 12  4 10 27 46 27 13 19  5  5 18 14  4 15 29  5 20  9 20 25 22 13 20 31 31 30 
 6 43 10  5 45 27 34 39  8 27 39 35 28 39 18 21 39 27 31 39 28  9 50 37 45 27 16 46  3 38 26 26  4  5 45 38 16 22  3 32 10 26  6 34 35 16 31 40 27 34 
25 31 38 40 28  9 27 44 36 38 11 38  8  1 41 10  4 25 40 35 33  8 37  8 25 33 28 12 45 40 38 16  1 16 45 22  5 35  5 24  3 50 19  2  9 17 15 13  7 17 
40 39 46 10 40 44 32 15 17 26 38 22 24 30 19 38 12 44 43 43 20  8 44  4 19  7 34 46  6 31 28 33 24 41 35 31 46 36 41  2 22 22 38 16 49  1 30 20  5 45 
48 24 41  7 29 49 36  5 43 47 34 32 36 19 42 30 45 41 28 12 43 14 39 21 20 17  8 23 48 17 24 29 15  3  5 39 19 15 38 44 27 39 14 34  9 11 26 19 36  4 
 2 25  9 13 13 30  5 40 14 27  3 48 27  7  9 29  4 41  4 43 32 35 22 47  4 16 22 29 28 44 20 46 34 23 47 15 33 15 13 26 49  4 42 38 48 20 26 18 26 30 
38 23  3 38 24  6 39 36 42 45  4 47 39 31  3  4 42  9 35 13 18 41  2 48 44 36 37 30 13 19 22 36 14 22 22 47 29  9  1 31 49 39 39 18 14 36 36 47 31 21 
19  3 45 50 40 40  6 31 17 13  8 50 32 39  9 45 27 44 20 32 15  4 15 43  7 29 12 44 16 16 30 41 11 33 39 43 36  6 19 36 10 24 31 21  1  6  9 49 15  4 
 2  8 26  4 28 34 33 26 49 33 46 27 44 40 50 23 48 30  3 29 35 50 38 14 47 38 21 43 39 25 48 20 33  8 50 32 50  2 46 19 15 19 29 35  1 49 22  9 35 48 
37 27 47 22 12 29 27  8 43 20 41 15 19 46 27  2 45 46 37 34 28 33 41 44 35 33 26 20  6  1 17 45 40 17 45  3 26  8 20 14 37 25 47 50 50 32 43 44 33 32 
46  4 17  3 14 21 16  3 15 15 19 49 15 27  9 17  8 44 17 37  3 36 32 37 27 12 20 47 33 20  2 31 17 47 18  9 33 17 42 48 26 47 19 23  6 29 32 21 41 38 
42 29 21 24 16 49 37 15  3 36 49 48 18 16 30  5  1  4 39 11 44 40 12  4  7 47 28 29  5  4 23  2 27 20 33 10 15 30 35 36 11 11 31 20 29 40 46 27 31 42 
11 49 26 14  2 31 26  3 22 41 38 30 50  4 32  9 13 24 14  1 37 29 43 44 34 38 46 15 42 33 45  5 22 39  8 34 29 34  9 17 11  2 17 50 42 22 12 27 29  7 
