10000
977 1421
1220 318
342 1466
522 794
1614 1916
1147 586
1717 1706
1943 511
54 1576
1069 1593
128 999
282 867
1453 574
1336 1865
1004 7
16 389
586 1178
1767 484
1571 1440
1187 1980
915 1194
735 954
1885 234
788 1144
308 964
1295 979
1342 1431
1579 236
1011 270
776 687
844 1323
693 1686
1673 1155
764 1357
488 377
328 1962
33 1499
76 618
1499 688
1294 990
38 301
1426 689
374 160
1257 696
1289 1888
1767 562
1257 1329
251 460
820 168
1532 148
1492 753
1629 1944
1667 1089
170 972
542 38
1678 1617
1805 244
472 496
1919 1305
868 552
455 608
227 493
1409 1186
1582 1630
1615 1350
1758 394
1052 1849
663 671
558 304
1881 608
1781 1913
681 1101
2000 198
276 588
404 1542
385 536
597 1548
565 1611
1301 553
1927 606
1154 626
1434 1534
1302 1053
1295 731
1816 577
824 1575
249 835
141 384
849 962
126 1007
877 1898
1877 722
225 209
1325 408
1851 200
1610 914
655 977
439 983
1366 789
1923 288
678 1631
1228 429
1558 256
900 1327
827 789
380 1749
827 1015
826 1840
201 581
1535 83
1173 94
58 777
1413 1408
543 430
1385 1984
594 99
1041 736
613 1948
1952 1068
1358 842
231 569
1424 918
1495 660
944 1408
261 1656
1064 44
228 629
159 1342
1018 198
1770 107
1695 1171
670 1151
43 476
811 844
741 789
420 1751
1249 92
635 1690
320 1795
648 407
1668 1430
345 1537
1085 913
1759 356
1217 1783
1801 1154
1029 1479
430 1420
1816 1599
1069 374
62 981
340 661
1191 1520
773 207
739 331
1559 71
1881 114
1195 990
1123 1469
176 659
750 572
1437 880
153 1411
1466 550
1567 133
1761 740
1893 774
1436 692
1499 1805
525 170
621 1921
24 106
343 1002
135 385
256 531
1083 1841
1874 372
1944 1277
1474 1852
1178 1005
314 1957
1701 841
824 744
401 1072
936 1994
1845 154
713 1811
453 102
1532 634
221 1899
1716 55
1375 1045
1999 1499
731 156
1982 1982
1818 1062
883 1336
227 1563
36 1319
1227 697
1077 1274
705 559
34 670
1023 531
527 1356
1035 1846
1593 381
672 281
1632 1417
698 529
1269 902
1752 1088
1312 479
497 1143
1296 186
337 1849
712 1779
518 582
419 1045
1856 1071
1162 118
1389 414
817 1582
706 1801
135 800
1455 1931
1902 116
118 784
453 345
283 1294
1702 1692
1123 426
1097 911
539 788
1193 423
1987 1545
1126 508
760 1429
1347 1391
434 1645
1026 816
1904 988
85 1004
479 868
657 844
371 716
95 918
1370 489
1240 950
982 828
1434 1504
295 1798
453 822
576 994
432 368
966 25
1210 473
1168 1526
151 255
558 1811
1486 1269
1264 312
1907 1516
1885 927
1621 1315
653 181
899 445
1937 865
460 1319
300 1065
1352 263
467 1004
671 1824
1011 1820
1637 3
437 252
177 1048
102 1439
375 58
760 167
1675 1402
460 1601
33 1747
72 1348
1867 1746
1343 912
1569 1313
739 1946
907 667
708 1993
1488 1580
1999 1620
1547 125
1039 137
1241 822
1262 519
590 1863
1765 822
691 378
941 1400
519 510
723 1653
53 1714
1043 336
907 1950
882 691
474 785
1774 1017
991 1749
1827 296
1130 364
1489 290
235 1752
1284 1804
1919 686
857 1694
286 1966
484 844
403 1879
1449 173
1707 634
833 1172
1413 1806
1884 1187
1150 1902
1666 1376
746 1291
244 615
732 190
1441 1356
1120 1547
771 1465
789 1390
1418 1619
1256 1443
574 1761
738 714
825 1416
1077 1394
366 316
240 685
1697 643
679 1390
1342 1133
1055 876
188 1083
961 1868
1717 1676
493 1781
502 1870
143 1600
1705 1352
294 900
307 54
954 1400
1622 377
616 1049
1735 1487
698 648
1694 836
1305 1801
1310 1488
662 1666
701 1259
1121 1310
1903 1393
1753 597
91 580
85 1671
1851 1255
1575 596
288 1307
679 135
1172 1896
1870 995
237 1840
672 994
373 1808
1921 1759
1508 1166
950 1933
1398 1219
995 1518
2000 268
1839 1235
1175 587
975 1781
1617 1162
1392 1409
1811 1604
844 639
1075 1734
356 1551
243 449
443 324
593 581
1728 1313
1057 198
1363 1133
1226 1308
1354 190
752 1488
591 581
1346 1431
286 88
571 1078
1399 1421
967 538
1871 1413
785 325
1943 665
12 1132
271 811
473 1098
502 868
657 173
1549 1221
499 1743
93 1301
1140 1878
3 937
586 12
1921 41
265 1698
1758 393
1744 232
591 985
1317 1863
814 1435
742 765
1276 625
641 1534
1054 157
1445 1471
1882 885
1891 759
259 1606
1241 174
89 861
1562 1963
652 192
1074 1515
214 916
1990 1862
1034 398
1828 1173
502 1013
154 1522
939 138
88 1543
393 630
1016 108
43 521
1524 12
1842 1201
937 1099
1983 1556
1987 333
1030 1774
1813 260
1357 1437
1638 1264
1674 1064
1283 857
1919 343
519 1216
880 1928
1250 872
727 278
1414 789
691 431
731 372
1937 1089
1274 971
1970 1174
1923 293
910 1390
210 1761
988 601
1721 826
1494 1220
21 1021
13 622
1080 525
1580 1962
1760 1950
441 665
403 1405
1010 414
130 203
1516 334
1487 1308
12 717
860 699
1496 122
657 379
1495 431
1426 550
814 906
1736 1227
1523 253
222 1117
1637 1215
152 536
22 1034
1335 1138
1802 879
528 1202
1905 99
1598 484
222 134
1375 741
573 1079
1735 1275
778 1346
824 940
801 1087
1977 539
240 24
928 647
486 231
240 1844
1503 1970
1162 1139
822 1668
1861 1690
1413 307
215 1799
1977 1751
1573 332
663 833
1288 191
1048 1578
1700 1616
1653 501
256 729
642 314
897 692
1611 125
1982 709
325 602
450 132
349 157
204 590
761 950
1703 1160
1273 93
1470 1690
1357 1460
1126 1378
1971 1116
1764 197
257 887
790 546
253 596
361 1990
1164 1352
820 652
935 450
318 606
1823 1289
1780 1086
1276 257
1867 845
937 1069
880 85
649 1695
96 943
1660 1891
1000 465
1482 287
197 860
1405 859
665 514
1072 83
465 244
475 1463
1482 1372
853 392
1248 35
1545 583
143 1191
1621 664
1539 1399
65 381
1512 693
34 1078
1956 780
918 1002
1551 1282
250 725
417 1900
448 212
920 1809
289 406
831 938
350 1589
18 509
865 858
481 1098
274 1166
1550 766
684 1647
1995 1265
1891 432
196 976
87 711
609 389
1928 930
339 35
209 444
1725 106
1813 653
1297 1233
126 1453
1736 733
881 1796
638 842
478 898
895 383
728 401
1911 743
239 291
98 370
203 632
1433 1816
1453 1962
518 170
817 1790
888 978
1909 680
1438 1989
1335 502
1825 765
823 1090
1363 405
1392 1986
430 1013
1231 1766
376 1578
359 441
1935 288
486 185
137 1221
1251 1799
1328 194
326 1519
1925 1955
1348 1488
1547 364
633 898
183 1297
104 693
526 800
1369 1537
1631 1186
1858 1819
1727 496
730 1558
967 1946
939 642
1939 1637
918 1871
1192 413
1990 398
1731 504
235 1564
130 194
711 852
220 1259
1904 363
1402 1682
972 146
1692 1877
965 1338
1452 594
1477 1255
1904 1528
16 1869
493 1923
1266 49
1976 1886
942 1935
905 625
1605 405
961 1591
1087 576
1400 931
92 114
1840 339
1742 1884
1403 270
973 1990
1684 876
956 554
1673 1799
841 479
1186 1389
1893 1535
1868 541
1300 428
93 1154
1064 340
1716 715
255 1742
1267 968
1701 1149
1123 559
213 1257
1485 179
948 1657
234 1484
121 1135
194 1211
617 262
365 1534
1221 1199
1492 800
1530 1554
39 1193
1388 1302
1422 22
1066 1000
1009 694
1624 104
47 506
1449 1980
1468 523
1718 1886
58 511
1796 1512
914 1940
488 311
1501 985
1619 1118
981 776
565 1965
1149 639
1277 1530
241 1127
723 385
1972 602
1372 438
1815 307
1147 1731
1335 528
1569 955
1450 1870
1302 714
1685 1990
519 793
1633 1921
840 24
805 87
1692 1127
1637 1616
1329 316
653 492
487 1420
1444 437
87 303
365 75
1080 1004
399 554
833 714
1301 13
736 624
1569 1337
774 1083
807 1984
819 1001
1555 544
1929 63
869 1469
1031 163
499 1977
1775 360
1546 195
458 1776
1393 1216
923 394
609 130
1634 1647
1297 903
213 473
1196 373
1381 1266
1826 624
255 774
876 811
1967 1633
5 1622
1018 1730
1407 1581
392 1077
1670 991
278 104
121 1402
111 1559
1906 592
650 827
679 1320
1756 1873
74 1467
100 253
1631 568
1836 1421
451 1120
1744 1012
711 1674
1054 1172
1317 466
643 386
1540 1883
940 1587
388 1130
90 1838
228 801
683 574
1705 1148
1719 888
883 1607
1208 1590
962 1631
573 1309
136 45
63 814
1306 1220
1784 1544
467 250
1046 968
111 894
1419 1084
1127 1618
916 667
67 141
1792 767
1696 31
87 1161
1418 589
1029 1630
853 160
1589 1769
265 983
503 679
365 1046
111 1350
1489 1973
444 82
1795 1277
1070 957
637 1761
1186 1044
0 1989
939 1699
307 347
182 154
1640 573
1810 712
909 871
1712 935
216 1449
1471 419
895 1015
999 1502
1587 370
1726 923
1334 1176
1137 1828
1122 757
1669 1561
1991 1686
521 942
1885 1199
205 302
1891 648
1651 1992
444 1681
461 1372
352 1551
856 1364
1811 237
879 1443
159 655
102 349
260 1433
1541 957
1166 425
292 48
1793 1891
1988 1492
805 722
274 653
316 924
736 1133
813 1195
362 463
1180 990
1135 226
1197 741
1809 178
502 216
960 462
1159 942
1189 801
440 1756
1389 732
439 555
923 924
617 488
975 1259
165 459
563 430
262 1115
1468 1442
371 100
229 9
1753 1523
1773 478
393 610
715 1982
566 1747
324 1822
1982 1863
349 108
1914 662
480 908
1488 1378
1242 1852
1470 1095
118 1108
1610 174
950 1913
1584 622
1022 629
1413 1990
50 825
285 634
703 724
1739 1531
824 1166
1363 152
1008 514
423 780
711 377
27 1070
637 1417
1361 743
1400 1709
1588 959
1225 171
583 1733
1453 597
52 1420
363 1055
1734 113
192 1214
1100 1789
727 387
1858 1745
1223 356
577 797
1139 1463
1338 839
1074 823
234 1613
1670 106
527 136
1574 1901
1722 1613
1616 479
1983 1182
1418 1004
1847 1006
1139 228
1825 1400
1470 77
1180 554
1989 450
218 207
1236 1148
483 465
882 801
1561 405
737 388
912 84
1659 753
369 1085
121 1938
1696 1259
342 213
91 1016
1288 1479
1037 1336
625 1922
1093 1128
1009 142
1989 1536
1560 1708
1395 625
324 1464
269 57
1162 880
1237 655
441 265
1397 1748
1651 1009
1722 1523
1545 1442
68 1101
1320 904
1564 1475
1980 1238
1116 1390
453 1505
786 1198
1601 733
90 1716
101 558
443 531
1914 1502
714 383
576 1237
1909 1583
1307 1612
156 1523
314 256
1326 1819
1064 1628
1625 1905
1537 580
1902 853
1564 1136
1189 809
1953 929
309 1003
2 701
368 1272
1288 1036
1109 140
1838 827
881 1425
530 397
1802 606
1397 679
1083 785
867 980
72 693
915 1389
933 799
339 638
1627 1566
457 571
510 33
69 1431
661 1881
132 1683
1355 1808
1599 259
112 448
23 1053
1871 558
1294 557
600 302
1545 272
601 1364
1120 1991
1885 688
233 1988
1412 1763
826 1004
1884 1330
859 1955
1637 629
249 1096
287 1587
1562 474
405 1320
479 945
1815 530
243 457
1539 1776
106 1359
44 1728
38 778
956 1684
1900 1537
478 508
380 1314
1937 586
1297 1597
568 952
1216 206
1271 364
998 551
826 1266
1573 1976
703 1217
798 644
1006 1580
376 37
1667 1843
1923 813
1432 1590
569 848
874 712
924 1438
1873 1474
1229 1454
1189 576
1884 875
987 223
867 304
181 1316
855 1099
40 767
1257 99
469 1442
1693 285
1304 1318
1804 1027
783 389
499 157
774 1376
59 1672
728 1736
1100 1059
1488 1641
56 1011
11 244
494 1323
1058 473
1917 1235
1947 278
1622 1255
839 638
746 1082
1524 1252
1894 1418
1836 1107
1131 194
1713 733
1124 1908
543 1979
1100 1056
1048 1553
101 1780
1357 1096
314 135
1974 1446
1042 567
284 360
555 557
506 1216
1526 1632
840 15
527 1292
1451 1749
749 1145
191 1596
182 638
1774 928
429 1372
930 1872
645 685
673 438
629 1201
1911 102
84 289
832 1977
1391 655
1172 1557
1938 233
1615 1559
981 1961
654 1239
1886 91
978 1029
752 1280
199 664
65 398
39 1826
416 1462
118 306
1508 1695
1103 215
317 841
1158 115
1984 849
1250 1690
719 532
135 756
1405 120
1305 282
621 1118
1693 272
862 561
1758 147
631 51
778 484
1689 856
820 632
963 1879
1542 1700
565 120
1973 457
1368 118
777 1321
1716 571
450 508
162 1705
1144 1273
863 1116
508 1621
763 824
1537 1953
1910 416
836 51
801 29
180 853
1181 836
1410 1997
441 1378
936 1896
1903 1381
190 1841
1018 1527
1163 1786
1420 14
1961 1748
330 1013
552 679
1987 641
335 1745
6 1777
1192 168
533 1803
1515 203
358 699
1399 841
1010 609
1927 177
2 1613
80 794
1061 1834
133 1320
1989 624
394 243
1324 547
1886 167
1539 1450
569 905
1768 899
659 1766
34 420
244 1336
834 1390
1327 581
127 546
529 179
1499 110
348 983
598 653
1266 1043
128 1641
1007 1796
1857 1786
1237 1236
667 1326
465 448
162 1003
415 1508
1306 1804
1019 518
963 1024
1400 1786
1685 223
792 905
1420 1159
553 864
590 1189
685 1572
1886 237
1278 346
184 827
1617 551
535 706
79 1422
393 348
1103 463
1605 1762
965 1687
1713 1249
320 1330
1868 637
755 1027
1672 85
1042 395
1789 1595
465 1775
1183 1212
585 1132
1913 425
1344 1186
895 528
1927 18
474 1267
1881 1748
1319 1388
1679 1380
1463 543
422 1900
1975 903
180 1874
1482 235
94 616
983 1050
979 126
1781 913
696 1912
593 1903
812 1165
199 1442
1977 1920
1789 159
1525 1708
1113 275
507 1955
658 654
1513 1016
765 1538
376 1277
1463 4
1625 1855
1796 1516
1560 380
1588 1977
492 485
1758 337
1443 149
197 362
459 1868
664 1413
1565 1012
104 602
454 1508
1930 1194
1581 1267
1402 254
1728 1840
1174 1940
1026 1120
1457 441
1892 942
1095 1404
1343 730
1007 1572
1359 1237
208 1084
1817 1943
1626 1196
1440 301
528 1842
178 1853
1724 1216
262 736
369 413
1514 1609
1485 590
622 1464
1187 1843
1530 865
777 1416
494 174
6 15
595 1847
1357 1786
1852 1809
343 465
864 605
202 1783
373 1932
636 477
1654 500
1917 568
1174 83
1845 953
685 427
913 964
936 1907
1854 386
16 680
1673 465
560 607
1831 1259
47 165
1239 1883
645 562
2 1874
1201 1243
661 1144
1357 1260
621 868
1212 330
1154 1735
995 724
686 690
807 842
337 1448
721 1364
1244 1081
1189 1756
401 1376
739 1796
1253 1612
1111 229
1647 1825
1941 920
1221 1964
1640 1230
1836 1236
347 647
1532 1633
462 1995
212 218
768 253
204 820
1196 1674
149 1601
242 101
1519 1729
1124 1074
551 778
165 105
953 733
38 1388
877 1468
408 232
1641 553
1677 1170
912 286
894 633
48 1906
416 825
811 234
384 279
1904 1747
1645 1395
115 1003
1789 1970
54 186
1739 1598
616 1072
273 957
1287 146
534 1300
1980 1333
903 965
932 599
759 883
1853 1064
676 906
1639 1227
1731 986
1714 1578
743 9
931 175
1470 1775
323 1891
1474 1873
450 1464
1035 1309
977 769
1963 932
181 1583
366 945
604 1359
1327 871
1181 1774
1507 1038
947 1360
220 434
1581 1546
694 1660
208 596
1467 1066
145 871
1358 1075
1743 1642
237 562
1342 748
1774 1322
1201 1504
1644 1327
577 1976
86 325
716 207
1356 1307
1218 1215
606 489
1474 1916
37 150
1697 501
1012 36
147 410
1929 127
1498 1448
14 1836
360 1384
858 1548
1805 1898
1510 762
246 1389
1007 163
935 231
1162 1445
1413 616
527 1687
887 289
1099 1989
1362 720
1079 653
1221 279
25 137
977 87
1362 1769
191 1398
332 18
1507 628
214 1109
690 1107
397 418
1706 32
928 1745
1661 1570
780 750
137 266
1909 1183
573 318
936 239
398 1127
1934 531
1346 127
424 1697
1682 414
1671 1246
848 1725
584 1616
241 577
1215 29
425 1800
722 103
689 1505
1594 1642
699 205
206 958
1515 1045
1802 168
569 530
1270 1745
813 864
554 1249
500 1110
388 1770
74 1802
1568 1283
206 521
1907 1144
1384 1419
537 1907
354 739
7 1878
1462 601
1502 895
1479 1804
831 1346
1049 1302
550 975
404 475
100 179
1043 601
357 249
742 1454
971 1182
894 1174
704 153
649 350
1314 1255
985 1075
1928 1928
1235 800
838 30
124 532
1668 1166
1489 1561
627 162
868 1877
455 672
283 1801
924 777
345 291
1510 766
1020 1062
5 1236
224 1948
1710 593
1211 79
1848 97
1546 959
382 1904
377 479
1437 1911
1898 1892
1003 829
1789 1887
114 419
937 640
273 200
1172 1062
91 838
653 1827
520 248
1896 304
614 1247
1083 1925
1166 980
531 203
332 1245
842 639
1441 551
286 63
1257 1650
15 716
1973 888
1449 225
585 272
491 815
333 181
968 330
548 1495
502 212
1069 1760
904 1864
769 437
1389 1563
679 869
596 156
77 1080
1450 760
645 726
1121 1151
870 489
265 1255
1583 1181
70 533
1597 570
274 1794
1224 1277
433 365
99 1022
1608 1723
1034 1507
1340 1844
1975 774
876 306
887 1070
1996 572
109 376
709 1154
382 1858
1841 1299
502 1709
1868 1893
1919 1977
474 1812
1202 560
572 1890
838 1390
331 1058
611 515
206 430
906 105
1466 1141
733 1427
127 1921
1260 748
1545 1474
1351 565
687 1571
437 1482
569 246
1718 312
1539 1819
830 291
1065 1655
1590 311
171 318
1342 1878
900 1796
562 1276
1862 247
1801 819
1655 57
1172 1828
1314 1873
1266 142
1972 1874
1285 1845
1241 550
1181 1386
1443 1953
992 910
226 1332
755 753
1788 944
1904 1952
415 1237
805 224
95 52
24 1997
1753 1670
1845 1754
1548 449
361 424
702 284
980 1497
1205 1809
187 949
392 927
1258 911
574 746
1539 1820
944 1067
1040 1463
386 1427
310 1824
1450 290
181 1021
1120 994
1877 1322
624 768
212 180
382 1101
160 1940
1632 216
543 1883
1754 1628
1596 660
453 1659
1050 733
1770 197
1351 1263
1714 506
1077 38
845 659
316 48
579 336
534 777
252 1453
440 848
1958 259
1286 1462
468 1684
180 783
790 1364
341 629
1857 561
569 347
1252 1282
797 727
78 1245
1675 1473
1730 1089
1389 231
1508 1846
312 1570
413 1618
1488 1089
132 1953
519 1687
765 535
360 689
703 241
1926 1604
392 1066
1427 899
512 1916
1951 340
1569 873
1049 1952
1547 887
383 555
1783 666
1238 708
546 183
955 1725
1150 1480
604 688
473 1255
155 393
1939 642
416 583
1186 1265
1804 450
1031 209
179 890
1908 1476
1827 458
1530 497
642 281
1259 1883
1277 1016
263 1934
186 1503
181 888
442 1049
904 1651
1676 1844
1586 1973
1488 369
1708 604
288 202
104 1371
514 1293
518 1864
1678 690
1900 783
473 933
524 1158
1907 1494
1664 662
434 192
659 657
1496 1254
111 1326
1336 1515
1033 1006
554 499
705 931
1458 447
547 515
1572 1902
1690 1562
775 1366
1062 1167
388 943
1115 251
1804 1601
6 254
383 578
765 1383
1565 1566
281 504
1608 1525
1488 1446
1447 1159
1066 665
1392 639
75 1985
1496 1209
1076 410
1063 44
315 852
1532 1709
369 40
1962 1489
818 247
456 1089
1518 1307
405 969
740 865
1937 1835
246 1477
1964 241
402 269
939 1456
892 1311
382 1073
623 1435
306 1553
1494 420
682 1148
718 344
559 727
1759 592
1972 67
1553 1860
611 482
996 790
1565 873
261 400
1956 908
890 1675
269 1924
674 1587
1201 1208
1000 1442
1733 358
455 1699
723 678
794 1274
313 18
318 1964
308 1460
1243 71
220 133
560 1079
396 823
721 1394
126 588
211 575
650 1385
1631 1329
384 1401
1492 601
1415 1033
1657 1906
40 826
1244 1754
632 220
1777 1751
1219 404
1325 1058
1457 1186
612 1422
668 1829
314 1200
179 1682
120 1279
1446 1716
1707 1538
956 148
1946 832
1289 875
1950 358
952 1163
1215 313
133 1946
797 302
1163 1141
1576 1814
1495 666
1635 1520
1300 139
756 1930
1271 1505
1496 1623
495 800
1870 1575
1330 1318
1334 881
986 1181
178 1219
695 1209
302 503
1028 437
1867 361
1605 547
131 1122
1482 276
1714 45
788 869
1973 1024
127 110
1177 76
826 890
1663 1464
157 1603
1569 762
1741 865
1094 933
1950 1197
1086 1004
1740 1024
649 359
565 428
1871 1859
1727 1108
244 1792
296 1658
1165 1889
1113 199
1109 108
1703 1419
1569 592
1991 1839
96 441
1486 1356
630 1659
801 1754
1934 593
980 477
1098 259
937 1333
1093 553
1194 1644
1865 839
1993 935
950 163
731 1226
1897 572
1761 1839
1161 1916
987 703
891 1117
983 1424
1474 1254
1908 1402
1034 1697
487 759
48 1852
72 1538
1838 1865
1467 3
1898 1938
903 865
1256 1813
1648 776
171 360
1855 1338
460 1287
1490 953
1117 1092
1490 428
489 1236
286 1339
642 65
226 35
898 1923
1761 1180
909 1571
844 20
1984 580
505 840
1147 325
1655 728
1753 746
835 1817
18 1349
1641 14
1380 1417
1631 1729
1107 185
1781 1867
1793 77
949 1143
2 229
64 1895
241 745
1770 1759
1975 782
1062 825
218 1210
1309 1565
951 125
766 1913
321 1930
1930 711
1532 801
1178 1195
1159 564
1941 1792
441 1303
478 446
1085 1241
1679 1533
1877 514
58 734
288 333
483 1788
598 186
849 1892
825 391
1125 247
1359 1742
40 59
1186 246
1340 869
1790 908
1363 1668
1493 1124
1493 768
774 1409
228 1940
1997 589
1783 1048
803 531
870 579
503 333
120 1976
292 1751
1633 653
1299 429
1939 494
412 1432
1213 1492
280 1414
1015 668
1915 191
1210 1369
1365 1043
118 482
1563 773
1672 451
492 1937
204 104
768 113
822 271
1379 1437
1209 849
1668 895
101 266
662 1230
764 112
773 1597
602 932
939 1411
1033 683
109 191
1757 1225
1199 1307
541 88
898 774
829 913
925 847
270 645
302 1927
1334 1749
164 182
893 1668
1279 175
882 779
852 1337
1202 76
604 344
1876 770
1822 1701
337 445
1211 408
1616 1601
588 1491
592 645
1026 792
1424 34
115 778
497 1139
1150 1258
1945 157
459 679
2 1954
687 910
1448 1774
254 148
1188 1636
1157 1889
544 1345
1921 1521
217 699
1129 807
1065 1340
552 616
1788 459
28 1815
368 172
861 195
862 1634
1829 982
1075 1531
131 1514
1346 429
402 967
642 1644
1526 1923
135 1268
68 1835
1366 1667
1760 1507
1855 228
1182 401
338 239
951 1137
1277 1661
1699 568
1615 1718
1762 880
1853 867
1959 1550
3 680
102 910
59 1174
628 771
1962 1532
1817 865
69 1950
738 1298
530 155
968 1389
272 188
1556 1294
1096 1764
317 1797
1959 374
59 809
1296 983
83 895
447 93
1543 1427
1934 737
120 704
1041 1933
920 1508
1065 40
1067 581
549 1209
1901 1656
742 1825
193 1160
314 1235
1958 110
175 1564
203 1358
675 1993
1176 754
791 200
1979 1031
1243 1611
195 513
1496 1619
308 113
1512 790
84 888
1186 158
1252 1088
85 1563
1075 1472
1765 557
327 1675
490 1875
548 1018
758 1172
595 235
739 782
922 1320
1242 1303
1760 561
1886 901
1164 1556
158 1982
188 248
473 1303
1226 695
1963 402
344 588
886 1486
358 1115
495 1144
596 674
524 1311
620 1055
997 816
1747 78
151 549
1532 727
1665 1042
918 109
471 787
1027 1306
1507 964
338 1955
140 74
154 1943
864 817
810 1429
1075 1322
731 1001
911 1518
79 1839
1379 390
1815 1469
287 714
1321 1192
1344 1638
1240 213
898 353
1845 335
1750 1903
662 956
772 1487
806 1090
1180 1537
526 1559
1193 1107
1260 1956
391 36
940 907
1733 967
1203 764
1878 1211
166 102
847 100
794 352
1595 1328
343 1505
722 1847
711 65
1974 1251
425 1286
1864 151
135 480
1702 1454
1090 1716
483 1963
1035 624
662 126
284 238
1012 1277
1687 1787
1601 1422
690 1891
1296 446
1585 1353
1601 536
21 114
1634 1857
1970 1089
59 1862
737 186
1226 285
155 642
1869 1241
656 1257
1463 1009
1916 868
1505 1155
1428 325
1138 1035
644 493
148 151
918 1504
1755 428
1793 268
808 549
776 1815
1896 401
1702 1147
1716 1772
1141 297
651 1767
1529 169
1654 238
545 1226
329 1522
1604 291
213 61
428 707
185 255
67 1131
1346 1449
1931 813
1629 1676
1434 663
11 1485
1805 1912
97 1868
1860 239
789 1050
1165 828
1538 435
657 1480
357 743
1219 837
1735 98
595 1159
1096 441
1380 1554
793 591
1685 1316
429 1601
549 422
1508 812
1243 1131
413 894
436 82
586 347
29 1600
1063 144
207 610
1029 714
1967 1343
347 1529
575 77
406 424
705 549
1652 870
532 1573
320 782
669 129
504 294
1034 1593
785 1724
1812 1430
204 1211
779 661
819 786
983 1224
1285 388
660 1783
1123 83
1098 1333
1542 225
84 1942
403 976
516 237
931 1281
958 47
1887 1534
1167 254
1444 1786
1325 680
1279 573
289 199
1452 294
163 1276
799 335
1762 1214
1366 752
853 62
279 193
359 490
599 1574
1931 1537
1149 191
1768 118
1064 821
247 372
382 1584
288 1983
543 924
787 1223
1335 991
186 43
1745 649
261 808
1803 1213
863 1351
1090 1896
337 1218
1193 575
1968 67
770 83
543 134
1000 1205
1448 1293
864 1531
303 923
428 595
1902 604
395 304
715 1975
533 1305
774 1422
984 1760
1511 1661
667 899
1091 678
1866 150
1092 390
1472 1550
1277 1373
610 799
1030 916
1368 1088
929 976
1316 1384
802 1157
1495 885
296 988
167 975
907 1220
1970 363
1654 1032
526 228
496 865
854 219
708 723
348 1584
1685 7
1106 1640
1435 524
259 718
1650 1958
1607 1690
834 1754
1368 323
233 377
310 955
1002 722
783 1323
233 784
1069 1746
792 1750
1392 272
1363 530
1900 1754
852 1349
1264 154
908 774
1737 1567
1414 1447
1415 1493
1785 1843
669 1999
580 1903
1672 1003
1707 708
92 1440
1785 554
409 1459
1910 293
1608 1724
41 616
1119 123
1862 1914
375 187
1532 986
1613 404
578 910
1178 1520
1356 71
1939 729
1852 1557
1290 453
329 632
1439 1887
709 269
212 1294
1878 1179
638 1660
555 255
1063 324
1971 1266
652 996
1897 1424
633 1811
1486 985
1449 1306
870 494
745 1133
635 1151
445 1137
1128 1140
131 1118
617 1449
816 1361
1331 601
122 799
148 387
377 721
573 1007
1523 1391
736 362
291 84
1405 459
1143 1137
310 146
556 629
1853 1048
1205 1723
1228 627
778 1676
246 20
341 1127
1306 832
531 1156
741 348
898 1612
1890 19
144 1365
443 387
860 1299
127 811
1332 463
755 897
772 1255
1973 408
1802 191
1231 1977
404 1884
1488 1516
919 1823
1527 443
322 1151
1115 1332
1511 640
642 828
867 786
699 1102
1905 677
971 1775
1786 1267
1479 457
175 1214
333 240
793 999
1959 295
1602 1210
86 70
1336 434
1183 1567
1949 1013
830 1258
106 464
555 1178
198 1916
1726 1172
541 1612
1468 1743
1964 476
1649 1024
684 349
1258 1871
213 1080
715 300
33 145
508 1931
1047 1147
1811 1502
177 1929
1227 1820
1790 132
1526 1836
1297 76
766 1166
240 689
1013 509
1586 1414
100 1883
317 590
488 1785
1469 450
575 96
1698 1919
871 519
1217 25
1084 1418
1731 293
1694 1943
936 1514
1071 706
1373 1409
1713 539
732 1543
1667 304
1582 1972
1961 1566
1103 1622
1795 812
1229 218
1977 573
1500 1517
158 1848
1032 98
1754 526
1900 215
668 163
1643 1817
1820 1143
1858 161
1831 1247
1555 1487
1647 1376
1890 1027
1538 642
448 243
976 1893
1380 842
1235 168
1818 1340
363 1578
193 237
148 781
3 1790
1559 96
1134 443
1112 1778
1485 1940
1784 203
1515 705
734 858
296 1397
1004 216
785 350
933 1166
473 996
73 455
1895 1474
1877 1113
1156 437
155 1395
1570 461
962 924
1422 1566
767 1382
1091 726
139 1732
1729 1559
96 736
523 966
825 1586
1070 94
1750 1929
666 1911
887 1254
868 586
223 1329
1755 1202
1157 551
995 1636
72 1876
337 139
1291 871
948 1227
1340 523
866 1362
1697 1125
547 464
268 870
718 57
618 62
1485 23
612 1651
474 1507
486 1701
334 1960
1444 1339
828 1073
69 1043
1134 1038
531 192
1384 477
504 576
1929 1483
522 653
747 1024
652 6
740 572
1605 1866
551 1294
1062 124
1013 758
1535 1688
1375 851
1540 603
867 1170
1674 1597
289 1922
114 1276
611 952
596 1486
206 1843
908 818
839 1343
1115 499
278 1042
1498 301
1033 1480
1159 679
279 903
1205 1425
402 104
1379 128
1951 1057
1202 441
654 1956
1873 6
562 478
255 14
883 1188
194 1045
856 269
980 686
1839 1025
673 813
1019 290
500 1829
1133 48
1675 1220
1801 1894
100 59
954 826
814 501
1996 119
1664 251
1520 835
1148 1103
1761 412
274 1527
1918 417
1523 256
107 683
205 1767
574 535
1017 1483
765 614
315 244
1459 1877
752 154
1784 1904
271 1357
1573 1762
1008 257
242 115
454 1763
617 1462
1073 1714
1375 372
1767 324
615 318
503 1761
1216 1749
765 1689
1942 602
805 114
367 86
1916 847
1246 1228
941 1843
375 750
1410 149
776 387
375 1015
1602 1740
509 351
38 1579
1699 1713
651 35
559 971
1223 1597
639 1935
342 413
1949 1526
966 948
1222 1318
1583 1495
920 1180
785 517
406 427
1792 1405
1714 567
3 1721
1917 1212
358 267
1869 200
783 1008
1672 1917
260 900
465 734
110 637
1076 1654
663 1500
1276 1623
1326 1396
205 1230
53 525
488 1527
345 1539
1191 1207
1537 859
1521 549
19 1724
626 390
1785 1880
1877 1596
1362 1840
951 265
1906 1280
505 969
1792 1958
1511 409
1583 1147
1059 1836
1068 1157
218 129
1827 1142
1788 1415
1728 1073
980 1958
628 820
203 1748
1670 136
775 577
403 816
659 722
856 1482
1913 305
1528 84
1006 1044
1278 617
1014 1980
1413 993
896 1672
1810 1589
863 1145
255 1200
1945 227
116 511
761 1126
1724 1236
759 603
915 1973
1763 1183
1052 1987
1808 1981
1565 1964
1117 1772
539 1561
1355 1394
784 421
792 492
1630 791
1576 1756
314 301
687 1908
1743 604
596 1117
1071 1904
330 821
409 1934
379 710
1524 341
758 1560
153 1033
1064 483
1817 754
1092 773
477 631
1902 1706
1474 127
1483 1565
744 1726
1005 876
1157 533
1987 1556
1929 1036
262 807
1665 50
1859 548
235 1169
526 44
284 673
1419 325
748 1334
1359 1087
1211 182
1410 588
686 3
1753 1202
1705 1842
1493 910
442 1132
1072 1684
178 921
1053 229
861 1866
1163 7
1900 611
1214 1510
1282 1567
1583 377
1377 1634
1436 1349
1561 1021
786 141
1145 712
1224 108
1883 275
458 1817
847 841
1872 1669
1401 1170
909 994
802 155
1805 1549
399 812
211 377
1189 447
1652 1884
1283 77
730 174
1888 1638
1180 603
446 1008
819 899
1038 1751
152 1079
880 1503
1225 1051
949 210
900 1349
1420 633
828 1235
705 347
1913 1547
89 511
492 1242
1948 720
614 886
70 565
1859 46
271 960
1346 920
1554 1407
56 574
1557 1442
1350 231
1976 1946
678 532
1446 1431
950 1970
1188 1880
1482 1332
547 833
428 1247
1031 142
1760 932
1813 417
1464 838
515 146
646 963
1384 686
206 1678
1938 1233
1369 520
13 876
272 1878
1448 1454
863 954
1271 353
348 599
1918 1121
303 102
696 568
502 512
370 68
546 1064
1461 249
1357 837
620 1212
1635 1706
505 1240
700 1283
1097 1977
1866 1734
1424 1839
1432 72
1992 1424
1190 970
592 1665
1989 838
1994 1468
200 579
1746 1839
966 1376
1027 717
1124 352
1646 800
793 1734
678 310
142 1530
1859 1461
77 111
1337 513
1342 377
82 869
1927 127
207 293
1866 1985
391 139
1615 952
325 1288
226 225
63 1284
81 1749
732 1601
351 130
798 1431
797 385
302 495
1913 242
1245 334
106 983
1424 1393
1945 915
1539 691
226 582
649 593
1551 326
1856 1568
575 219
1238 1252
746 1085
1781 1332
483 48
1351 122
666 1038
631 1008
1120 230
511 325
1930 1920
1937 361
191 1841
1675 1466
1858 1551
677 813
745 181
388 91
629 289
221 808
1060 291
248 296
1535 777
1029 1668
328 964
1011 563
605 1878
1304 1977
1532 1197
384 1312
1018 786
1358 876
782 107
1095 1785
283 1788
493 1466
86 620
910 1675
804 1785
1522 611
1198 860
305 58
343 1955
1104 461
582 1049
88 1549
1357 152
159 37
119 38
1315 1962
1868 1976
698 26
1016 1815
257 1109
1681 741
946 1232
460 1181
1735 599
160 1376
530 613
227 243
133 372
561 586
692 1758
1136 415
496 1266
1657 147
1701 1738
1498 1461
276 1596
101 1336
530 1086
66 1307
1950 1884
765 528
1529 656
1007 1630
872 1710
70 1419
666 788
1246 133
1225 1011
870 539
1277 244
1859 921
1814 181
835 1308
1009 1803
318 1611
31 1392
1533 859
439 1648
103 1671
138 1441
461 1307
271 449
1740 1465
1839 1365
176 915
202 56
1551 1842
79 1383
1864 173
1773 1447
1205 411
968 1007
694 1027
1622 1848
93 1226
533 1075
1975 627
1162 42
730 1500
311 1320
288 614
18 1575
45 1062
1288 775
587 1225
630 1793
1242 1197
1843 467
83 1924
1167 1734
1395 405
882 319
1695 758
667 1662
645 894
1182 630
665 1711
1865 1243
910 1661
1072 1563
1294 1021
1943 3
1123 562
1204 1657
1280 1918
1255 1287
105 676
1741 1504
0 1958
550 824
916 335
575 1795
854 429
890 618
1041 1625
1201 1943
944 124
999 1488
400 354
54 1142
1393 1664
726 824
606 1905
580 1741
1399 7
1490 1721
1105 597
816 1586
572 552
1736 1967
697 1763
1145 1487
1284 1327
936 1973
1101 1246
1867 1597
1040 615
821 1415
771 1526
166 11
1544 1599
148 1069
82 541
1611 929
769 143
1195 84
247 1400
98 632
36 1601
640 1307
526 194
1018 843
1329 1968
1423 857
642 1574
429 803
1155 1198
1924 1526
96 1629
498 1560
908 921
1720 1713
1946 1124
1228 836
167 1041
472 245
213 1271
1824 0
1297 1184
334 1043
1594 1457
1090 914
887 1883
455 1399
1725 1649
722 1310
315 1613
1437 541
1949 1596
1430 536
1186 1218
330 738
531 1993
573 1350
1117 887
1644 1528
2000 369
1244 1988
630 1761
799 1569
1685 1393
1397 673
1891 1018
1519 1153
1603 1554
576 890
1132 1625
1121 1318
474 409
1865 970
1813 1843
1709 1027
1641 239
1854 584
842 1872
778 1882
1195 14
618 1978
1107 1191
1198 1640
636 1382
1648 165
227 421
623 928
1672 1323
1724 418
561 930
1595 718
818 985
1982 1388
1624 1575
198 363
434 1252
1346 1946
644 192
1765 1423
598 1469
1567 1069
1395 1830
1499 1686
1434 1249
544 1108
1592 385
1665 1602
988 1831
1880 41
1351 204
1332 647
1029 1884
1668 1263
1149 1882
954 342
1682 1930
218 685
590 1848
1511 738
1677 1256
1096 1273
951 886
1127 1002
1095 1127
661 217
1463 1447
621 687
631 1774
593 1095
1499 654
1831 1725
1513 626
520 1172
1035 942
381 1850
723 876
673 881
808 184
115 1018
926 692
633 1358
756 99
1592 1485
929 1123
525 1174
1992 1383
774 1653
1337 373
1228 1763
871 131
1230 629
282 292
573 1068
1012 966
542 828
361 823
1125 1286
1656 191
1843 1072
418 161
812 1443
1029 1740
402 908
1074 1524
1706 1860
163 1822
732 1866
310 1181
834 1875
106 648
1028 500
1972 1817
1777 1720
326 776
489 1641
1247 959
1717 1812
536 122
366 277
457 383
211 1001
749 1227
1119 537
407 1057
690 1006
687 485
1891 495
58 1096
1413 601
1051 8
1193 573
1371 1278
836 326
143 548
546 1024
1028 1104
1829 78
611 758
34 151
1588 1201
9 1311
1596 364
1787 154
383 645
10 851
1485 1779
1987 24
281 812
473 287
1472 1104
91 803
1787 934
1279 1019
813 1998
62 724
487 127
425 747
1034 262
1920 1112
308 1412
1958 837
444 1800
368 432
1294 20
1057 1150
1277 713
675 409
773 814
1600 1810
1512 1138
408 939
1876 1352
352 1965
80 138
1242 1530
624 1933
246 971
881 521
832 1306
835 1114
1927 1537
45 1322
686 341
1880 296
716 1643
1900 142
1705 532
1235 1974
1348 491
1426 1083
357 1234
369 737
372 1676
819 945
1861 1209
1871 1300
1390 335
470 649
906 1071
1884 1071
479 1592
1001 1973
1870 675
1804 1256
1736 1772
307 881
1346 1701
1785 1291
157 1246
457 1011
946 1480
1496 1096
853 1184
1652 858
761 1041
1119 1127
1196 1563
685 825
1455 211
1104 1731
1882 1263
1471 47
1486 814
964 1983
989 465
1742 388
311 428
129 1880
283 536
1055 904
1541 1147
306 1860
386 1317
1191 1295
1970 231
1859 1422
1528 1676
1626 887
286 52
1542 1650
337 485
1296 365
265 924
894 63
1638 122
1572 885
1716 774
1195 1169
493 1653
887 1706
262 1986
747 101
530 1375
472 20
1240 1486
117 732
125 1858
1718 209
347 1378
1121 1187
1370 368
1039 961
1341 1786
257 843
520 1240
1094 15
935 625
714 463
1302 985
1872 1790
1585 489
271 1898
230 1283
1553 1148
1540 441
804 962
7 1597
567 486
1053 525
940 476
1549 1733
1679 1173
689 1093
1465 42
1467 820
610 1411
873 1460
59 1200
614 813
547 1345
1968 1639
1580 408
1911 1920
1172 1382
1850 886
1009 1277
558 1024
148 1311
1249 782
322 265
739 1076
858 1932
1690 1950
194 680
1860 182
1253 1294
1249 1557
486 295
1472 1077
1297 1285
1332 568
1320 148
375 32
497 1427
942 1144
424 806
1516 1442
1833 723
1905 1522
1980 879
218 1559
297 1960
1884 1716
97 1989
1162 582
1949 1066
912 901
1434 1400
206 942
1678 435
1910 1353
633 1077
1925 1812
1858 1655
657 557
944 1507
934 683
155 1205
594 1616
1294 432
1215 1507
1107 810
1793 127
745 1162
751 1984
900 20
1706 587
432 1759
137 1983
1986 41
886 742
924 462
183 978
1019 344
1158 703
1992 838
975 1393
1937 341
189 316
1588 1261
526 1957
1691 386
1501 1378
479 1425
1110 1453
880 1309
784 885
1493 1410
177 958
1925 1852
923 478
382 1716
1752 1684
1428 430
1742 1924
1999 715
30 1224
361 945
691 472
883 976
1694 1466
1833 1649
703 1963
439 1221
1984 1033
598 934
120 595
1131 942
357 1202
59 1570
636 1317
1811 746
1006 1039
1271 1424
1588 574
886 113
11 287
46 456
1683 905
1525 264
725 1568
1815 1342
1846 972
1502 1867
302 1984
1725 627
1981 549
550 1843
1260 473
1252 1929
248 1731
1212 916
1753 1769
1929 401
927 1010
128 1973
1969 838
1915 11
871 215
1125 1895
1861 1607
221 1078
467 1795
807 991
1180 637
1470 46
1473 1096
1314 1371
1219 1581
846 515
1641 977
1543 1185
1833 1555
333 836
656 1822
1223 1169
219 110
196 1636
1711 1165
301 1790
579 60
701 157
338 562
203 1116
168 32
678 264
1038 1131
1574 1463
1790 1930
1254 1688
50 1938
448 874
1674 1533
1734 1522
1336 424
199 712
1599 935
1822 396
1320 1766
553 338
1785 256
1303 524
717 1308
366 1024
979 1339
69 96
1999 345
1719 856
1526 1581
1427 1329
1144 1652
1589 1343
205 1629
120 1680
46 1880
1279 1394
441 450
334 1671
1657 1746
561 1085
1366 1636
602 852
1593 1314
228 499
774 1577
784 1631
643 806
1430 1949
612 595
481 767
865 1224
145 214
1764 87
1978 483
1080 1192
1321 1069
1908 1861
282 591
1268 851
1060 1164
468 1370
18 1643
1047 150
143 637
92 787
134 1567
476 988
1746 1995
1520 999
726 1060
1503 1054
31 1311
782 1278
1847 798
1042 703
860 1714
343 1391
540 1978
1198 908
1900 658
543 330
1066 1673
1017 1236
17 947
1072 61
111 1657
1176 1194
408 418
1497 1514
1999 1140
611 1751
1946 1323
443 952
1035 737
1169 672
744 21
1944 734
489 1266
744 202
786 1539
1641 1453
805 976
1222 1101
1605 768
826 1063
1190 1549
212 398
719 1882
850 314
468 1125
327 1081
1574 945
1433 1466
1933 1729
307 117
226 1269
1048 1597
68 651
205 467
338 555
1008 1155
1166 486
839 1525
1090 945
830 166
1906 1692
532 1352
657 227
1913 423
1674 1862
1842 1762
228 85
1411 1887
1933 1351
1208 635
1139 755
1570 1428
1341 1492
1578 1793
1081 1954
1067 1809
571 1332
1579 669
689 756
1086 54
1033 889
1496 1634
3 535
1208 34
1210 1266
763 845
1712 33
1953 1042
1294 1732
1630 542
111 694
1307 1405
919 570
351 1106
647 1016
203 70
1489 1169
1092 206
86 1139
202 1103
1261 1951
237 1688
1853 450
732 626
326 512
320 285
126 1431
219 1500
595 1007
672 1439
552 1431
166 1336
322 68
1842 1736
136 1574
527 1112
352 1228
567 1441
1813 717
814 1592
893 106
1569 223
465 1135
1915 1261
1181 1394
1174 1766
532 959
1374 1528
1202 353
183 315
380 607
1771 425
1358 1790
1744 1314
1945 773
770 911
395 594
371 885
1336 491
994 1492
1229 1931
1460 715
1591 1424
1367 1363
745 649
1377 100
588 960
1730 1865
956 779
133 1396
765 409
1769 1456
394 475
889 1271
1386 318
787 1412
1321 1064
1010 17
1843 921
430 1336
79 1036
155 1095
53 372
128 1325
302 1202
378 438
1537 1603
274 1386
1900 37
562 1380
1535 1258
1771 927
1906 383
1324 1652
1200 1253
643 754
332 1430
400 997
818 1273
338 632
993 185
510 1780
1880 377
440 524
675 1063
1455 1429
1725 1014
1099 514
97 1646
1393 37
918 712
537 426
1040 51
844 258
1554 496
1801 1955
361 1016
1774 1645
1771 615
1639 1574
1844 82
843 291
651 1656
1400 1915
1167 1749
312 578
1316 1472
351 1945
683 774
1836 204
1549 1237
1120 1231
1343 1606
403 1732
1588 1039
80 125
81 151
1895 412
825 113
373 225
800 604
1589 1198
1562 1123
533 1377
1027 777
587 1707
783 1954
1686 1366
663 1631
1578 1455
1337 555
343 983
472 1871
1049 1904
87 1608
1666 976
742 1248
1139 1201
396 1878
992 324
452 1788
873 1545
1934 1952
80 158
1804 698
1793 977
1989 1795
1625 1384
1289 1495
1584 1080
1341 201
918 1686
142 1054
333 1374
334 1897
1913 1808
1021 1492
690 1359
939 1573
1431 134
62 402
1226 1079
13 267
354 1211
440 703
633 51
1367 1209
751 1935
1091 427
1304 213
1747 395
416 1806
135 1462
171 1816
950 1725
207 1709
1119 313
1380 108
327 778
1948 628
28 907
1664 18
678 619
69 655
270 731
706 1903
748 684
1226 47
1022 609
1319 5
988 849
1276 1545
485 1432
1361 1300
979 1564
26 1290
89 1445
1443 440
11 241
1237 1285
1350 1366
1977 587
1193 1273
1402 1267
1308 695
1008 570
358 1237
1398 1527
1551 1101
177 748
1283 1223
306 1024
748 1942
152 292
89 1654
1888 1538
1220 981
428 525
1614 728
722 1076
1267 247
1552 1589
989 646
1452 716
67 1185
1378 1901
1423 1756
592 856
1455 1025
1876 697
1401 1872
1878 989
1278 1717
417 1654
979 357
853 1865
1054 1462
1641 926
868 551
922 1765
1956 126
559 920
12 1859
828 1677
1343 1245
1611 437
189 1358
616 333
1785 1201
1867 1653
1412 1461
1026 326
1930 1437
380 1918
531 1456
1707 12
1593 348
403 14
1523 1497
1419 1230
726 788
933 1661
691 1348
650 1527
1681 1883
349 1520
1284 1984
592 1150
1743 661
671 11
506 661
405 898
981 1606
1867 1665
1792 117
583 991
524 1909
156 32
102 1654
929 1067
1365 628
1531 364
1476 672
1904 1301
366 1065
956 51
1064 805
489 188
774 843
1719 1850
1879 1122
414 1194
785 60
1965 809
1487 1434
613 947
1735 842
312 1576
1175 1894
1756 867
1968 1737
1668 713
83 375
1684 1146
1421 1319
361 1603
590 50
1859 1465
1733 1456
1419 630
1882 1139
937 1656
1282 639
1876 1491
974 219
1128 917
1821 248
1116 1041
1103 522
1993 114
330 1898
261 1882
1181 1729
1490 1608
1273 103
578 1629
695 799
1475 1334
557 1168
1717 1974
1299 392
1368 1182
480 1849
1812 889
700 1716
312 572
1665 1759
1329 154
767 1844
1608 181
801 1416
1848 1705
1183 1988
270 389
975 7
834 1323
1679 1128
696 1810
1053 323
1300 207
1993 1769
1650 1511
1033 204
1915 374
326 682
1797 504
1628 775
441 894
1140 1488
1188 1669
16 898
181 1952
760 996
863 1316
534 1341
79 1074
525 1815
1663 209
1240 1857
301 399
1377 1281
982 1315
1207 1887
1227 1382
1071 417
908 1579
1801 1019
380 1302
421 1564
857 298
500 1715
1680 1368
1710 1331
176 1956
794 1820
480 850
923 853
1505 1364
25 1056
368 1514
385 1004
206 1075
1291 856
1225 53
28 1864
1901 759
65 963
1512 1681
60 1786
758 1318
1413 1622
1829 1334
436 265
718 679
822 256
794 240
884 333
1104 418
733 1479
1500 862
1638 698
700 468
567 1643
529 1982
1463 1940
732 517
881 212
797 830
1583 212
1297 940
10 523
287 1156
174 1987
1926 183
753 1743
1815 262
67 816
1608 227
121 1960
1620 1579
690 1872
1535 909
720 915
711 1912
2000 1175
952 784
1860 388
868 1131
1099 1934
7 865
443 383
1323 853
1778 1768
904 687
324 1274
982 1321
583 1969
1518 568
721 1530
957 815
1009 308
1901 1738
1496 160
1639 1491
40 246
1125 1608
1604 1233
1787 1392
1501 953
9 192
843 733
132 980
416 1544
399 1174
1883 67
840 190
765 578
1799 1301
1307 929
327 314
1110 1369
340 1821
1342 153
323 1433
1052 802
1380 769
838 1166
1572 955
1431 1279
1397 1251
1040 915
282 1108
387 1748
992 1689
1944 257
1634 1856
1720 514
648 40
440 352
1523 1060
1454 1838
1374 1498
896 427
1236 1276
571 911
1201 1498
1127 1362
951 951
122 1871
1716 537
1855 987
716 119
1666 1385
900 1897
1878 1452
94 875
888 1180
769 839
213 740
15 1370
1144 1322
712 1245
221 1419
269 914
250 816
193 847
1150 316
30 990
1921 306
302 640
1785 441
1960 1232
1776 1250
1812 1684
1852 926
1473 1195
95 1880
1636 1007
847 1877
1352 988
460 773
1133 1130
562 1012
1318 227
434 468
1270 1513
1102 852
1567 742
1676 1702
667 1669
569 1293
1982 1066
609 1088
1845 1431
1792 1223
835 449
1969 1445
19 1450
1389 92
909 200
566 549
1259 862
1578 1926
1820 1927
188 636
1465 1427
333 1135
589 1677
429 1
1563 1702
1307 1394
1448 278
947 881
1754 152
481 1616
1818 835
1759 248
1018 371
1062 148
1154 1298
1634 169
743 421
517 684
544 1119
258 87
1042 1165
1997 1634
427 573
1381 1450
199 1069
934 1059
10 1587
1491 1126
1840 383
1969 666
1498 641
1857 1751
45 653
1174 1757
1222 543
1964 957
1937 1034
1918 1463
1177 446
1130 1887
1703 683
1028 1665
708 116
1266 1456
1627 186
582 156
314 1348
1255 734
1021 1958
697 102
1865 55
595 1456
1188 907
267 1224
1466 1144
853 511
1414 451
1021 1764
1194 459
678 1972
1189 1019
793 311
1210 1304
1793 353
96 388
1849 431
387 1372
1447 864
26 1702
1203 271
1861 1426
1146 1938
539 90
1772 1326
437 1948
522 503
1226 365
344 615
1187 942
485 1254
1609 267
264 1155
1757 715
1879 388
1103 1933
1646 1721
316 1365
1097 1790
835 684
1905 1747
233 523
1958 1820
476 1940
1060 788
1229 1224
740 974
1297 1702
1259 710
1729 1569
1636 848
919 87
1356 571
869 1201
889 600
882 595
1913 1747
953 1592
822 1339
1334 1899
1007 153
1548 1379
971 27
1527 1442
69 223
1616 1437
1528 1889
1559 1990
113 1650
1911 1950
410 768
271 1475
1086 1130
1678 1109
22 1613
1931 1759
1986 1332
1151 514
305 498
1143 1641
552 185
1603 807
317 1404
765 1520
244 1568
1538 728
920 955
449 623
862 1343
1643 556
21 1956
854 1615
1006 50
1118 672
1616 457
414 1399
230 1069
487 1543
489 819
1452 1389
1605 1275
768 1627
1707 539
1477 930
1448 571
568 165
655 1816
1065 1840
1879 921
647 103
1166 1521
575 1889
1556 149
1648 204
953 405
11 687
1980 77
1532 499
1118 257
1767 1840
1572 902
729 1263
386 1481
1994 524
1092 1506
706 1022
1655 1130
1618 86
188 940
146 760
69 1159
473 1958
530 522
99 1247
1776 1566
181 1414
606 271
724 840
1421 1251
1772 1471
897 703
41 642
905 1522
132 424
1994 143
704 1616
1340 43
1289 951
797 258
332 1342
1352 1898
1329 645
453 285
1039 1661
1139 1015
1309 650
1223 1333
344 1565
1491 89
1591 1864
972 291
1387 1544
1919 663
1807 1845
505 1338
1940 1462
1054 951
174 907
79 368
1147 1496
879 787
462 1452
1484 1277
1757 348
251 1603
475 897
1207 87
1305 1568
980 1032
377 628
766 1748
28 669
19 1134
145 987
880 492
1015 867
1054 1412
200 1410
1473 1737
626 1765
1299 650
1707 738
903 1743
926 159
277 1898
816 155
1373 1731
683 586
1042 273
1216 1408
1031 593
703 1957
827 1336
1870 1804
1823 1348
695 756
1849 687
429 391
1944 1472
167 1118
1147 86
1615 172
1424 62
1942 387
1631 673
1099 1352
1070 1398
1245 469
804 11
1325 1341
714 1361
1461 1501
680 1560
355 1719
1574 207
309 1488
156 629
163 279
1777 1339
954 1952
1585 1730
450 1530
371 110
71 543
1984 1270
983 625
527 1391
299 1367
921 747
1007 238
1892 261
677 1607
1389 537
1727 717
93 1848
179 1132
60 108
1927 559
690 1030
1264 796
1023 1829
871 765
870 207
162 1262
1592 1562
1240 94
1250 1335
95 1043
1778 1961
111 982
918 694
1659 1784
418 818
678 1490
1191 260
901 804
16 1672
906 1985
1950 1713
391 1085
1320 294
196 530
709 49
262 1225
504 1240
1755 571
1272 1969
837 401
1203 1202
492 1279
1195 932
1339 134
803 2000
1550 302
1167 1531
368 882
1823 122
1751 170
1896 1429
371 1214
463 1687
1500 430
154 1649
756 260
1374 1156
1204 840
1428 820
809 1969
1323 340
672 163
347 1612
807 202
307 1715
1623 926
1682 963
188 1826
57 743
1492 473
1473 1270
1160 108
1317 1762
627 834
694 960
482 77
1810 660
1246 463
145 1860
163 398
808 1128
753 1180
1805 589
1200 813
332 1452
125 1894
476 1243
699 1951
606 1870
1224 886
1008 244
939 445
1227 429
688 182
606 690
794 775
1304 1364
1653 594
1546 529
898 955
1132 16
1497 1160
1054 351
1991 335
520 1380
467 1600
785 1068
1828 579
430 1164
1612 1804
37 1884
382 240
1441 19
1371 1133
1131 1280
63 204
558 923
1103 518
139 1755
1543 542
6 516
1192 580
28 1541
1036 1944
764 700
1925 879
1629 1035
1064 528
939 549
1670 949
549 1575
1008 1682
490 1304
562 800
164 84
587 1466
724 1311
711 1816
759 862
367 1465
609 177
819 743
1385 1474
81 25
594 301
1670 49
1362 812
747 251
1715 1781
205 744
1616 95
1521 1881
1154 1685
143 1508
1610 1401
336 1534
1922 168
1166 666
1121 912
701 61
1608 1931
277 432
85 1456
1981 1442
40 1976
285 158
1104 8
1923 349
1301 902
610 1926
505 745
817 1058
1334 231
1723 812
277 1190
1602 1469
573 558
608 1851
1631 133
914 1415
1587 524
624 508
652 1349
1515 382
1669 117
1934 1629
478 423
1314 1247
1086 1024
933 1450
1560 190
398 1463
1206 1029
1309 507
1886 361
678 1028
728 553
1567 1651
1982 540
294 287
1826 637
881 1083
1529 348
1096 1828
740 278
1635 1030
961 1332
75 1025
818 811
1086 173
934 742
919 258
23 1529
106 1343
604 594
256 1953
798 597
835 1953
1174 1047
115 1037
385 835
1522 415
1105 1477
1258 1847
1552 1586
911 1673
33 1134
1731 803
1304 1951
1082 1626
1522 1170
113 200
1519 1738
770 1901
162 812
1368 1951
1272 1008
652 243
300 1796
703 1737
919 1305
1139 538
808 1254
1078 302
1685 95
283 308
1875 632
99 534
1079 1789
183 740
1332 142
1795 540
1772 1949
617 257
1529 215
663 1684
1533 130
1109 484
1534 1630
1017 1996
329 1571
233 200
957 1515
1272 840
1878 356
448 1821
585 1045
984 1717
1078 971
432 966
580 970
1713 258
1357 1938
1152 1734
1020 964
791 1084
1989 996
360 1292
1832 338
1236 655
448 1017
1026 1955
1428 446
708 1525
1885 1062
739 646
293 1778
496 784
496 83
640 1023
290 1212
1597 512
116 1381
1123 250
1893 368
908 839
1245 961
426 237
182 1712
1113 1316
607 1700
538 477
965 1171
1178 1190
1806 130
1666 962
437 864
1247 588
805 732
612 988
1965 1967
200 706
1931 756
118 890
1185 1741
1111 1217
702 1678
409 1047
1646 1348
1868 644
1032 713
220 1362
1669 1852
663 768
1906 335
1169 191
1597 1926
1037 70
534 291
615 1227
307 862
374 348
508 634
1559 1377
585 57
252 1348
1817 51
715 1477
1699 263
862 1703
345 852
808 82
1342 271
1196 1815
1365 1660
1930 1062
1108 624
1775 103
389 1533
1692 1716
878 1323
1158 471
1661 312
1460 1093
955 367
1392 1352
570 793
531 617
55 1532
647 1775
213 792
1062 1717
1724 663
1415 413
466 1930
975 234
249 1634
471 298
1147 1333
1311 1608
1198 811
1814 1124
628 875
1054 797
239 373
1126 1070
1570 1311
85 1432
1828 393
1394 813
569 233
1120 823
1447 1291
86 1885
924 520
1519 1292
881 888
1600 600
288 105
1364 205
1979 46
430 1553
1872 1539
1141 784
1743 1537
551 22
395 1467
1159 791
657 74
842 145
1894 1186
1601 61
1336 121
1228 1132
1974 409
1216 1907
1940 1344
1282 109
517 792
468 938
326 1761
1995 48
1141 1437
460 1511
821 1666
1673 1428
773 1515
1397 138
69 983
648 37
1377 234
387 971
602 688
932 944
333 1039
993 740
1777 803
1399 1386
838 1783
1973 70
680 391
1961 904
695 566
1672 1182
16 1377
1600 1273
899 120
892 65
1751 1637
1615 275
804 537
511 473
1068 573
1186 390
426 784
1765 877
831 1208
553 1936
1145 253
843 746
1255 800
1942 1416
160 765
23 526
170 839
1868 1678
1134 1363
620 615
144 519
1859 1194
444 1609
1997 78
1319 1863
1797 307
368 597
608 1142
858 882
1720 1552
283 1204
1486 1240
120 268
906 763
55 1902
879 91
1323 927
1637 831
183 314
1885 1021
771 1820
1285 994
183 1395
948 1620
1408 257
320 781
1081 886
1165 707
581 1348
100 806
1163 705
1997 1147
1983 1157
693 228
1637 583
311 1618
1776 1607
143 268
449 674
335 519
1982 989
289 698
361 918
15 914
644 1852
197 1423
311 1172
1493 1347
1916 1980
1890 22
1663 1175
1828 1014
1073 811
1968 1968
24 1781
1971 1590
1063 707
1451 1611
887 293
853 819
344 292
25 395
1720 242
1078 1386
1535 1996
1532 1954
1434 1875
670 1564
804 1986
557 1796
1491 1742
1591 1699
1928 18
1833 1849
202 644
551 1148
1487 1984
267 1102
779 1312
346 1401
369 1127
1149 925
1532 1462
1515 435
552 843
1789 357
1777 751
1027 1855
290 1359
1933 467
704 339
698 1455
1091 258
1981 887
1834 890
231 1476
1842 1640
1696 1893
1961 1164
1975 1784
1028 17
131 1114
356 1160
1303 1358
503 1670
806 371
953 664
1552 1703
1143 1736
112 904
1667 328
757 1679
1937 914
1382 1086
554 554
928 789
664 922
555 1699
1002 1869
1472 614
1259 1177
561 8
512 1580
1667 1194
1172 1200
426 1745
339 667
1165 1118
384 27
14 633
1793 988
1209 949
1032 1531
963 1438
1774 624
18 1701
635 153
1595 315
1691 1067
263 638
435 1913
1162 1836
394 1798
369 924
811 1487
1139 1616
1639 1007
542 242
979 377
186 1527
489 654
656 1140
1840 1932
1548 18
70 698
1108 337
1204 1383
1569 1519
775 1201
1406 460
403 1481
421 1187
831 1038
159 67
1478 787
733 1680
268 1928
778 1682
1788 1562
147 835
1728 1143
1298 1123
770 1893
117 314
849 1876
1140 1187
418 375
278 1343
547 1290
81 252
756 76
953 616
360 96
1748 1388
1063 724
745 1272
1788 130
1389 1971
1830 1561
1808 627
1197 352
1233 1383
1040 600
1689 291
1636 1234
512 591
883 393
640 686
687 1763
1905 586
1518 417
485 1551
1746 523
681 1357
397 526
1728 1722
1417 875
1907 155
228 96
1148 324
1131 1060
1598 1989
38 698
1193 1968
1581 1604
584 1941
1288 778
7 748
554 1867
1573 1936
367 176
1707 1845
323 1877
46 1920
1146 752
268 485
1124 327
1620 466
62 46
1784 965
374 603
358 1385
1492 1654
605 1392
248 1145
1095 961
1780 471
299 53
201 347
25 982
1194 1950
240 455
382 203
430 149
1138 919
1593 423
798 1251
495 256
667 990
1004 542
287 115
1843 1999
1423 439
864 407
1500 32
72 384
1273 1695
677 1433
175 682
1559 1780
1013 429
877 344
532 326
722 1119
638 214
8 473
1486 1845
174 1821
1759 1577
373 310
1981 65
3 551
1092 1012
1195 376
1315 689
423 347
1711 434
663 1358
1001 635
377 1981
846 85
25 427
671 1217
1392 1960
624 1523
1063 1489
897 152
654 166
194 487
1659 1880
435 144
1907 713
1396 832
1146 1621
1804 779
443 932
1704 1859
1041 1579
1668 1835
1722 315
163 701
660 188
185 388
1828 1923
1908 1036
857 142
484 164
528 629
704 648
1010 493
1295 1046
424 1586
533 1527
1937 1260
533 1869
549 1524
1441 1608
1989 1382
1435 1482
1619 1999
1476 1860
1242 1532
1807 980
215 967
415 1054
1453 1458
1466 925
318 910
918 509
1098 1997
346 257
92 141
1610 1349
607 1641
692 266
1423 1152
1162 535
1287 1742
926 973
1429 1169
1729 613
609 1438
100 1822
278 953
1832 1186
1090 538
601 527
347 931
1996 1587
1326 1855
814 388
769 1264
1848 1562
733 261
560 777
1944 170
44 1723
1498 1268
1607 1025
1573 1016
403 244
1550 1284
738 1179
1158 1367
220 1989
1 1315
1993 1147
166 933
955 1385
648 1375
264 468
132 277
1964 883
1015 1446
340 1719
1595 854
58 1386
1794 1573
474 152
1113 311
644 351
1092 1521
695 1107
76 696
1263 1429
330 1155
834 122
161 1165
1917 878
614 336
932 27
1216 1009
1241 1688
1231 1586
1864 1345
1469 1905
481 204
1904 102
1635 1373
1258 566
1281 674
739 709
569 1792
666 745
1273 113
1487 1759
1818 1991
564 1017
406 207
866 1457
1645 1334
430 967
1876 1538
1451 1634
1057 101
1527 672
1259 1458
246 982
712 831
569 1024
411 629
1451 453
1672 941
198 843
1957 391
337 848
1871 1642
1910 1355
1920 1072
92 1580
1964 94
1176 1285
64 1116
239 1600
1431 286
637 1949
1023 1555
1736 1439
1041 1778
782 1157
480 1478
1334 1955
1111 883
189 1827
528 1019
1636 1043
1570 1078
645 1667
1261 683
605 914
1609 97
610 1670
1180 882
434 234
182 1228
1800 1965
1722 1000
945 1074
1034 1482
1273 926
611 201
1617 1581
595 323
1303 1786
1728 391
176 26
296 1459
463 875
570 908
424 75
1682 379
959 1682
1461 1
1792 978
298 1472
740 1872
1312 500
1689 615
66 1110
626 415
1272 1213
1014 661
1347 195
100 1867
1602 123
1195 1651
552 967
1594 127
430 701
563 1808
284 1917
538 1357
568 1686
348 1500
155 1487
169 594
624 1359
343 1598
551 169
913 1286
827 576
450 1731
1805 1471
1502 385
555 301
1801 1950
606 1533
911 520
1162 938
1999 984
58 1294
1168 1584
973 1257
366 505
349 600
1981 1713
232 146
1335 170
738 1830
560 1381
1337 1664
1816 1283
917 403
811 439
1583 1712
239 1304
1778 1192
1399 561
1186 1606
541 947
480 1734
1193 1556
1780 1475
1751 1841
656 1284
257 927
1526 205
1971 981
839 828
750 1527
240 633
734 1592
1466 1244
1727 1172
1187 1606
398 515
90 41
1940 133
1227 1707
1387 188
1371 717
1764 1046
1464 1110
1412 268
1144 1940
643 1178
1244 610
72 1477
1800 638
415 1525
778 279
1793 147
1943 1213
578 1918
1400 147
1170 1631
2000 1516
1679 1785
169 329
1389 1179
1976 442
1959 829
446 1025
1585 770
1861 859
611 291
70 1408
296 1961
1692 1526
1936 508
1392 1291
721 1930
80 1925
1151 766
1126 1717
1885 438
1261 64
709 823
1801 628
389 1190
880 621
899 1458
287 1256
1552 494
1475 1491
338 630
1769 595
276 437
548 1605
1380 1034
1601 1596
590 1925
154 1622
1698 1896
261 1926
1710 517
898 2000
682 1157
356 331
997 13
1761 822
460 598
1506 894
1111 22
225 1497
1259 1283
890 1799
1918 1060
198 708
624 1106
1091 1030
1354 1255
158 1016
541 418
324 1104
1272 933
797 1096
1479 1542
859 1215
1073 192
1359 1808
1749 310
416 1943
103 1742
125 1736
1486 819
1025 365
1991 39
404 443
392 1631
694 227
38 600
774 1783
1156 464
134 324
779 553
238 255
226 890
388 515
154 1824
1554 1921
241 1603
1510 684
329 550
767 1939
1647 1640
908 1922
252 290
68 100
502 1050
1462 650
1878 832
1756 912
964 713
1480 1732
433 962
106 1209
1011 1277
1986 1195
1931 1432
1395 45
1159 1758
708 1925
495 715
847 152
1459 1865
607 1989
1063 1015
520 1931
562 1738
329 494
41 1356
608 707
120 1190
1651 330
695 1282
178 1318
18 26
1456 841
1867 940
997 1583
1517 657
1837 1113
630 1048
490 143
148 840
1897 424
587 117
1980 611
434 929
541 1059
1070 109
1725 863
484 1427
626 1279
983 1487
1745 1951
999 992
1358 1113
1278 540
102 961
1085 1104
654 1909
161 1347
917 1928
666 312
378 928
795 1685
852 85
1905 470
1375 1626
1592 292
747 1149
898 945
226 447
1342 358
338 1715
210 1964
1380 243
1225 1023
537 1020
456 483
339 552
1591 1453
1207 829
116 1446
1051 228
14 162
732 1079
305 1287
1646 1594
385 1223
344 947
1127 767
596 1387
1252 1691
1506 361
1212 1318
276 635
469 718
1652 545
1480 1391
15 569
627 1060
814 84
183 569
781 716
375 247
973 838
1392 1275
661 1871
868 1778
1740 1525
1878 1255
1176 1129
1610 791
1512 1198
767 1709
943 1882
562 1246
223 32
1874 1895
952 1215
80 103
1482 455
574 1859
969 1446
903 804
1564 329
524 1919
264 1769
463 1646
618 984
1443 1062
565 157
1081 673
1066 131
1048 1855
1470 756
1637 818
393 57
1447 791
1866 311
845 1204
693 355
308 1786
832 330
935 297
784 341
1122 403
1000 1455
957 564
270 651
1338 1713
1212 361
850 1710
1633 1742
279 296
696 1366
71 1417
499 656
813 14
1985 45
1518 543
1400 976
1796 1775
1576 422
66 1188
1977 895
1741 225
160 1878
1793 1875
280 1913
1125 1914
1939 1239
246 1008
1163 1115
1407 557
1997 636
885 1322
927 279
1178 777
1459 1596
1529 82
1377 275
831 136
1709 257
553 1023
283 1107
688 499
1711 1160
1309 749
1188 49
859 1269
1347 1234
1201 21
276 1788
558 1554
88 353
435 1274
75 513
1461 1713
1929 31
435 142
280 866
1763 1168
496 1104
1816 1322
1899 628
616 616
1984 1492
900 241
714 326
1751 7
193 181
777 1769
658 693
1380 361
830 1207
1049 1042
175 156
1117 1734
741 840
1067 523
725 831
1299 444
1702 101
745 1978
616 1064
749 1343
1006 1785
1105 363
420 1954
31 332
1934 1563
225 345
924 680
290 1269
941 994
1681 1623
1788 962
1559 1963
861 1695
782 1038
699 379
122 758
1248 858
1201 259
942 1998
174 629
45 1121
1148 1988
1398 709
797 1160
36 1842
1913 1023
398 1035
726 896
685 285
224 1311
576 586
1522 1340
445 195
1545 1559
1395 1022
1746 230
2000 70
487 624
1613 1866
591 1941
901 1612
687 1749
1421 355
1159 952
1343 202
71 1516
8 1904
1414 907
1922 13
1368 47
434 626
858 1703
551 1434
1639 1497
1371 1813
1756 1728
1917 18
899 397
594 727
1451 597
174 1731
1942 874
1255 729
717 1024
837 1806
1083 542
1463 1731
37 839
135 121
115 1752
1889 1418
1245 728
1615 499
907 293
1252 204
522 852
48 702
1342 632
1027 1458
70 841
47 1218
1551 1236
927 185
1338 1403
1674 862
1869 1196
1542 902
1483 1727
1276 1469
1262 1479
1975 185
786 1447
1933 1580
1152 1354
1070 656
279 487
1309 1199
1478 1252
1376 1588
943 1051
1635 1518
309 1485
1454 378
1395 1821
94 1392
1423 1027
1468 1351
1958 1456
1583 1579
171 587
1826 456
1203 711
1108 1634
1117 1269
1876 1699
842 946
316 1176
1697 1484
1287 305
881 206
377 447
461 1255
952 1529
474 1601
219 1695
1635 280
1311 854
1129 628
549 745
883 699
487 73
241 102
1216 1624
958 1639
1489 1398
1108 1717
453 1866
1936 1015
377 41
190 1588
1176 801
626 70
261 551
1048 1899
1366 738
907 605
970 244
1877 1699
96 100
1170 1278
874 1542
1925 1935
503 909
667 674
784 1565
337 1158
932 246
758 111
1347 816
1152 61
1508 77
89 1942
1275 1981
1752 1525
972 1649
573 111
331 480
1411 775
15 1428
1214 1224
238 1884
438 132
166 1268
861 623
1276 635
1505 382
1132 1711
661 1028
263 1340
1975 427
556 1623
1938 1365
950 1580
259 888
306 1133
278 1642
141 110
522 1360
1263 336
331 1993
373 1123
745 1553
1665 279
883 517
1972 656
1808 643
117 447
680 820
1148 1248
1294 1218
55 1245
1297 381
263 1058
731 1336
792 1215
1214 731
656 765
1573 978
99 656
1475 130
1325 1397
359 439
731 548
207 1754
390 1401
197 1705
1369 349
674 1016
995 1188
16 142
647 1777
869 500
683 413
625 1620
828 30
511 1386
659 1350
1536 1246
154 1300
1071 1065
454 1627
1859 118
1426 1439
941 831
1043 395
1582 1855
1541 1627
1300 1629
1217 1120
975 492
1003 1357
372 1234
1271 1645
804 308
271 870
915 644
1235 1919
1629 1404
357 47
1788 1615
606 563
1787 695
1575 1465
1360 411
862 1945
1787 1675
1703 1664
446 680
1360 481
997 394
1570 1118
313 1128
1559 646
1814 103
1947 1694
846 862
1982 330
376 256
1146 2000
717 1794
823 1184
842 1966
1869 1742
1303 147
1885 239
179 1230
32 1697
846 511
1867 1189
876 1404
1354 16
194 203
133 1747
1805 904
1552 1912
1516 1658
754 241
303 116
1996 1302
1364 926
821 806
1827 244
757 1239
1384 842
848 691
1272 1118
1843 356
1997 826
319 16
929 1486
730 384
538 795
1940 226
1680 713
723 675
839 740
1880 1315
1829 338
241 622
1176 830
1260 1480
839 625
1685 573
24 1007
1467 1395
1324 1138
1760 653
365 646
839 466
873 704
1890 862
443 760
1053 162
1840 1760
965 1290
1726 348
195 672
312 814
1670 1173
1362 1725
531 659
60 608
1012 1273
855 495
1156 1875
1656 526
730 1305
786 1267
820 1295
730 1411
190 1619
1738 550
527 241
600 460
1008 698
1849 1862
543 1541
1766 1814
162 9
38 416
1774 1061
1729 1758
646 1820
502 1822
561 1775
967 918
439 558
1245 955
278 210
1183 994
913 1359
1757 77
1618 1281
1991 1168
1569 838
589 859
1632 1454
1521 1769
417 645
1098 1344
368 395
1655 1377
1231 1931
509 1934
737 710
736 22
242 633
785 1599
387 1346
774 1058
548 510
1220 352
1539 1160
293 1388
1686 694
1083 151
1395 1055
1062 557
234 671
1483 376
143 724
260 1563
1654 370
1773 1120
1096 1216
284 1020
752 835
1462 764
1591 1876
158 1145
1922 505
1732 87
1379 1186
1137 1549
984 1809
1282 806
0 26
1125 1218
66 75
793 1886
663 647
746 1955
198 278
324 1746
580 1083
917 574
474 1239
549 747
1182 316
574 1272
1216 1055
1620 1464
1598 1680
298 493
139 1821
636 1118
211 179
92 159
208 1080
552 1582
35 1905
1591 84
1004 1060
1704 367
1635 1661
455 1774
368 1495
463 929
1298 60
266 1575
1596 1101
1226 110
1715 798
1893 1584
1878 1124
192 779
795 1127
907 837
220 1123
1480 227
1652 1339
452 1176
245 658
1035 1100
138 824
531 435
282 1031
392 813
1516 1320
970 567
1061 1477
580 1773
462 231
1097 1034
1638 1128
1481 1053
1645 780
950 60
1778 1989
1854 1392
325 295
475 1631
1161 1352
1458 972
1407 559
1275 771
1021 1338
1951 942
355 798
248 624
1935 395
196 1890
137 1063
429 420
649 1821
284 1093
296 1198
1370 969
427 1298
1921 233
744 299
283 1088
38 990
918 1738
1283 34
158 962
1465 1172
656 936
949 1012
469 946
606 544
1518 1212
938 528
1717 799
189 202
449 1984
145 761
1446 750
1527 913
7 223
838 1864
150 522
441 1672
728 1373
991 945
824 1012
537 1194
1805 55
1118 1492
796 111
1045 997
1036 1006
977 1085
438 1579
872 1888
673 1621
10 1272
1194 1970
109 1591
84 1849
1336 1903
426 31
1591 710
1634 964
1464 1861
526 477
758 1540
44 952
382 1024
737 1849
1188 94
1175 1077
1196 222
170 1021
371 1064
592 1756
60 1745
388 1865
278 1851
1601 861
1265 579
418 1621
1175 1396
595 1695
347 333
1076 653
1101 1201
919 1394
1911 1988
1275 200
972 874
1931 746
939 49
1444 179
1481 1482
1075 154
1911 1979
1416 187
1493 1238
1545 202
934 838
1028 1550
1648 1101
171 1590
1846 797
1254 1783
204 1014
1668 1204
502 715
674 93
250 1946
1283 181
1512 226
1081 830
60 1665
177 785
178 1078
43 1821
1331 1717
1166 1739
81 1199
662 1445
181 1447
1982 780
1228 322
1883 919
1564 1974
1833 1282
324 524
788 765
1671 1051
103 143
51 411
1585 258
1068 1836
296 1538
1518 328
1659 1187
139 1607
607 405
449 342
993 195
1777 251
1644 1406
648 213
97 17
1896 577
585 867
1518 892
751 52
881 247
842 1708
993 1601
515 737
1959 342
990 1
1671 778
1174 1748
73 1790
1699 959
662 1744
457 542
897 257
295 738
1319 970
184 364
396 818
227 972
397 685
1948 1921
408 1614
1855 1445
887 1368
1818 428
1218 1465
1239 934
811 1314
746 1336
599 782
1490 1587
899 1798
915 978
1777 1968
1098 590
1636 1077
1497 1382
1399 785
1284 588
93 1833
630 646
1577 1638
82 668
714 493
1312 1078
1175 1919
76 419
1701 517
566 291
1618 1013
658 862
1792 826
698 1671
687 662
361 1048
1626 1518
1367 1599
1116 269
1502 209
457 431
460 673
986 1355
1512 135
1025 1185
1696 405
162 1236
1083 1261
1341 1485
1412 1662
1771 1737
700 38
1076 1435
1218 320
24 1772
1793 1372
536 1735
683 1713
788 1374
1087 1162
1556 249
1609 1882
1288 1917
1655 328
1960 1306
546 641
698 251
665 1154
193 659
1221 1601
500 311
1603 1693
1266 22
1431 800
1653 654
1182 594
1334 1197
1221 1441
727 894
782 1572
1081 637
633 1157
1629 1085
286 1203
336 1329
984 1653
768 1668
1245 554
163 569
264 978
488 1260
1245 731
1466 503
954 423
1685 1980
396 1463
934 1175
262 705
1501 1545
781 1188
304 1435
684 261
1750 1980
1816 81
1677 158
1080 786
322 1630
672 1099
621 1893
1553 779
1720 1969
982 1424
1968 1989
264 866
954 1246
507 1277
363 1352
1193 769
896 646
1992 1765
1869 1336
1067 877
967 540
453 1312
1151 1956
752 1727
80 979
938 1625
1236 1753
1155 752
675 1050
725 290
1707 1401
1177 1983
413 188
1710 1277
252 1984
484 1416
854 484
130 232
886 1607
1876 258
1936 855
1126 1620
1690 1254
95 1247
540 139
989 1075
800 1661
1087 1951
824 497
503 1820
361 430
923 518
1881 813
374 819
1255 948
41 1008
811 561
1272 1752
1678 1259
1987 1861
801 1644
175 783
151 686
399 1759
1719 59
523 875
1372 847
738 1982
1594 1664
1030 190
1294 282
1194 1114
726 134
1538 1762
1444 1860
278 572
340 590
103 1801
1014 1794
259 953
600 379
1096 839
1390 1985
888 1611
1938 1090
1011 777
505 828
1465 970
1074 1470
35 1587
967 907
1887 649
476 674
1279 593
1666 1468
1068 1457
293 1191
244 400
733 1442
1078 695
288 1783
1923 679
875 498
139 303
853 912
884 670
1179 814
571 1435
575 1572
1939 174
1777 1487
1688 184
1394 1595
38 334
625 924
1548 895
1574 700
1179 1618
592 558
845 1971
1774 48
1004 1752
909 576
1681 866
1442 998
1337 232
903 1968
1881 10
1534 177
578 702
1439 1683
1127 1026
1849 1372
86 516
155 755
1684 609
1289 69
1439 287
345 828
254 1107
713 1564
1194 860
496 188
629 1781
461 1148
434 78
26 1614
462 1629
1996 629
672 1183
1241 18
971 1275
575 1867
443 1971
586 279
732 1815
45 1049
304 603
1691 1096
1581 1983
563 1930
985 510
432 1678
88 1786
947 935
1481 615
1990 840
1454 738
1348 441
1258 1425
213 1598
1747 1389
1604 1449
750 1293
61 1357
1929 1064
401 757
586 1782
110 1680
906 1993
1194 715
1378 292
1168 388
203 797
1987 858
1865 1795
1928 1379
1140 301
909 1294
846 1960
1779 458
1482 910
1118 1383
1486 1375
1159 676
1761 437
1392 1034
1235 442
368 704
878 98
12 1462
1554 1900
736 501
1838 1888
1843 967
1344 1542
1594 549
1792 1461
379 1318
1702 63
368 343
711 832
1818 558
536 1138
421 1932
1875 216
1697 60
431 885
1087 1439
132 1750
196 132
1253 30
1852 590
338 13
1103 546
1350 1290
975 1019
1550 1155
96 1302
985 597
1544 1187
1569 10
591 341
908 1734
353 582
892 1801
1194 37
1800 536
1125 1345
630 1192
1971 980
1458 1542
1853 547
1052 573
806 955
375 938
1886 201
1062 1177
1385 1029
1591 1117
1471 271
1944 1782
1531 1014
1297 1747
281 1898
1528 1266
771 1424
1344 528
1096 1416
971 1237
1860 1482
938 56
418 662
1772 537
1027 525
571 268
1788 1247
574 1632
1938 384
995 1630
1504 1113
1532 1747
294 678
626 1571
109 1680
45 1476
542 367
1420 955
1329 1408
1741 551
524 1373
451 1553
160 1821
1181 1103
216 775
1881 1496
1093 108
1884 153
290 403
1685 462
251 355
1894 334
338 1187
827 1083
1605 1739
1030 636
1084 1243
217 168
934 901
1693 136
879 1786
1582 1794
532 601
1567 1255
1613 916
829 658
1737 145
742 782
1104 384
892 179
305 103
1995 1349
1397 1797
1894 1891
295 1087
1710 1367
1666 1952
76 38
1578 1043
443 1705
1464 224
190 1901
909 602
500 1386
1192 846
622 1460
1037 1709
1151 186
1934 458
1790 423
471 144
1348 1908
1099 226
341 1758
679 1727
1260 1249
829 849
242 1041
1615 692
1327 290
107 895
1040 879
1268 1393
141 641
737 47
1537 1831
1116 646
161 613
1210 224
1060 470
617 1591
848 50
261 1972
1865 1126
1912 1357
334 781
967 1168
109 1065
1374 1132
111 201
1987 864
1862 356
746 1224
1763 1822
1134 626
232 1049
152 603
928 1647
1779 189
1360 290
692 309
68 1742
1060 1787
1251 555
1940 3
1190 1339
1872 137
1563 144
549 552
1679 494
1807 1451
697 630
825 1290
780 1863
1749 905
1840 1980
347 763
1180 310
1546 81
262 376
1271 1089
1815 1515
842 1913
1330 1015
364 1337
680 1591
1021 92
1334 466
1586 1059
612 217
1027 756
1280 675
1441 25
768 1510
1613 463
221 1991
346 161
343 1421
278 457
1769 1784
862 1337
1202 856
1376 1094
721 27
1294 595
1423 1876
1436 946
1669 713
811 1415
556 1430
1338 794
1762 210
597 1526
448 1251
1641 1240
908 1542
1996 1215
1701 357
275 508
1298 848
601 575
1985 365
1916 249
1542 1180
128 156
26 630
1051 681
196 529
645 1060
437 1636
211 542
1291 1833
1713 1493
952 1246
957 994
622 1231
857 545
1248 1025
870 364
649 427
480 910
1443 1134
1661 519
172 1626
731 1928
1245 1283
346 1680
1776 562
875 416
178 1174
725 1339
61 1863
609 353
1230 1624
656 1992
598 756
1488 1313
1948 277
1388 1493
74 1058
434 1959
1495 1775
86 709
451 511
1147 1104
447 1480
463 225
1502 1313
1298 1229
377 1855
481 837
382 1889
411 890
1511 1880
856 1983
923 1228
308 1238
1442 1714
1192 1266
62 610
246 912
934 363
1330 453
1889 1902
1621 377
467 776
428 1051
1910 1296
1071 1745
915 789
672 770
1307 1438
1180 509
271 682
1743 35
662 292
1799 1441
339 87
177 1306
1821 613
1527 514
1151 1060
835 1722
604 1134
271 1085
1467 1179
615 1604
1508 133
1322 127
1868 41
774 1246
1118 289
363 784
1610 802
1149 263
373 1105
1183 1138
1503 748
659 104
623 336
1918 1376
1848 1535
1802 928
745 1794
1126 151
373 114
1539 1267
1231 1460
72 419
1385 677
945 1997
1905 364
1318 1622
924 1257
1454 1509
400 1188
1195 594
1664 979
1627 1073
1912 261
398 1078
1613 754
1089 638
1639 913
1742 864
785 1737
239 869
1931 971
17 985
1599 1222
86 1880
1824 1279
966 850
1208 990
495 1825
1922 7
1511 1625
183 909
218 1578
799 1106
1933 1687
410 262
1221 1351
1939 1529
1159 1118
941 175
1789 82
1547 1225
568 14
1278 1707
1187 698
219 623
1474 163
708 688
199 117
1440 1151
302 1344
490 1652
584 1319
1381 373
99 1433
1507 1815
1593 1773
1383 1568
28 1603
1373 1767
1575 1377
1737 329
1319 541
954 1311
177 1079
609 1945
126 1080
466 60
1373 989
988 762
1901 202
1595 800
1712 1494
193 1840
1783 1168
295 487
1035 1164
252 111
816 589
162 1624
1697 36
61 137
672 356
743 902
1655 141
802 954
1136 649
1983 1103
1057 221
703 555
1654 1064
514 1450
408 1738
1028 741
16 576
1433 721
41 903
1290 20
912 1626
26 849
1043 1355
387 999
914 1960
507 1436
289 422
732 209
162 1890
154 56
91 621
1148 1240
897 934
1013 1281
1018 1581
182 1981
903 1622
549 1687
975 1323
1544 1314
686 76
1514 940
287 827
1423 1818
438 647
1748 1873
966 380
1521 705
852 12
1286 53
1519 1946
771 265
629 678
984 1891
9 1223
1686 1539
1352 1606
1938 1491
191 1683
562 1538
1378 1058
1735 601
1742 653
1872 1165
1151 119
1503 19
1613 677
141 1024
1993 1294
310 991
1836 1996
1048 487
1392 38
1649 687
1095 1783
1818 544
317 1252
1250 1832
577 1405
582 767
444 1676
1889 1347
854 1436
1498 1770
1277 1371
1965 187
1716 1887
1104 332
712 114
717 485
1525 1150
1345 1181
394 212
1182 623
1321 546
241 608
1591 356
1871 1075
1401 613
41 76
23 72
131 1875
445 1427
404 41
54 272
765 1677
1584 1205
382 473
429 1429
1571 512
1934 1604
473 726
234 124
838 1856
314 865
1551 191
701 531
1748 1850
1528 237
334 26
648 289
1019 782
1846 206
1996 1387
1822 1160
1424 948
1242 1299
1871 28
1314 1
357 1942
1062 680
1993 25
1345 1549
394 1104
1798 1318
1973 83
1774 565
1077 107
1955 19
1067 1624
1832 67
1343 1868
170 1537
1514 1834
1673 694
1593 722
390 570
838 535
1189 1750
1276 609
635 1330
1345 1228
923 131
1354 188
1126 519
420 1898
1875 215
940 1124
1269 1079
1712 1448
357 656
1824 860
1490 44
476 830
711 1275
76 1052
1066 1757
480 487
577 161
610 163
644 1362
485 429
31 1531
1000 1750
1972 247
1191 212
1431 988
1170 257
820 1178
1251 537
1269 894
1981 1319
561 1851
654 335
501 1381
291 1304
390 1016
1793 543
312 1472
745 1454
1271 649
1345 942
950 541
113 1716
793 267
1110 219
1982 1799
61 1851
325 1399
1198 1620
306 1108
375 1386
590 786
1970 1287
70 564
922 863
303 1550
12 1215
1851 19
1975 1033
1564 1523
1494 1166
1334 1914
1970 1347
913 1202
1943 1372
1311 278
1687 896
795 274
570 459
575 73
1914 9
318 85
260 259
1823 902
1036 1186
1180 125
876 1727
1846 1313
1098 1340
1096 312
256 455
707 953
168 1434
1440 453
1266 1050
885 1707
1686 149
1218 771
1788 578
984 814
1994 1150
1818 50
1020 1020
139 1306
1644 1871
1577 1582
1705 370
733 1927
1380 507
547 965
1227 596
1991 1670
588 485
699 1565
520 157
291 597
1634 1115
1394 474
835 434
1681 1718
1564 207
1338 1778
1259 1264
494 1767
1127 1751
1766 273
852 1007
51 238
1376 1668
1335 1254
1120 1051
8 1628
1494 433
1625 1153
589 444
1923 304
1595 671
1080 156
545 178
1625 392
1277 1988
14 956
328 1417
1419 129
1775 481
379 1860
660 160
817 1364
1160 55
872 1830
578 580
287 269
1044 1335
1568 36
1289 166
471 93
872 860
1996 851
1601 906
1500 507
1692 1118
340 567
669 334
219 836
1086 1062
1399 496
1565 1908
241 1769
403 887
806 528
996 784
748 648
451 535
593 90
1255 170
1276 1099
569 218
713 995
84 1352
1739 1474
88 219
67 201
1355 1098
723 133
1416 976
594 1562
1098 1424
931 386
463 1487
108 1433
294 35
565 797
345 601
983 1922
1291 880
1570 628
1986 579
85 1293
416 1169
1054 276
854 383
330 977
933 922
542 1707
968 278
397 1492
1974 943
1989 1673
1895 1796
147 1740
1954 1197
837 1033
1106 258
644 830
214 1914
967 468
1708 576
1538 744
197 1892
1182 1755
1227 52
400 739
1378 450
1469 1852
124 1771
1614 1962
1263 156
190 1286
1607 1175
1275 1545
1133 379
1240 1724
1050 879
173 568
944 745
605 28
687 804
955 1267
1836 673
842 1176
1918 1984
233 661
1193 1046
620 1482
1580 1794
1221 1986
452 629
1736 1522
1292 1848
993 1817
1956 1722
800 1729
1522 1465
1777 1755
1242 637
1232 978
768 322
240 562
239 127
1700 182
1490 237
937 290
417 1337
437 1777
1098 1379
1141 1079
1614 290
1322 32
492 1789
891 276
270 1980
1422 124
68 1865
339 662
1856 1270
1472 479
1549 1975
1065 55
240 1588
1823 873
1321 974
971 29
1307 463
919 159
1363 1011
1937 1561
1579 811
1188 1517
1081 728
1301 1949
1500 1733
840 1520
612 1749
1156 1390
1844 914
1586 215
1725 623
479 206
865 1212
1108 1702
42 1206
111 1218
1674 748
316 1103
1179 217
685 809
757 1251
528 1489
679 1637
389 1700
630 1060
610 1092
1259 1375
1109 1059
72 96
203 1518
1874 1217
192 703
1362 1641
1725 518
845 557
525 582
1974 1964
461 979
1847 272
393 1526
1545 70
1210 1006
1756 8
374 330
455 1335
284 1865
1340 1485
1963 1314
893 989
327 903
899 1387
1148 1415
898 453
1111 1878
1489 858
1306 1112
1631 578
1288 1471
1842 326
1722 69
1563 1187
1847 42
1615 831
878 823
1280 512
1416 1735
1974 1192
97 1690
796 1223
1145 1128
723 287
931 1430
1608 1950
781 1954
763 690
1925 85
1507 1553
250 41
427 1492
1524 1863
977 685
1599 1330
1336 855
1087 900
46 385
1719 1407
1644 1004
1960 1325
1002 1333
253 643
675 437
1388 1434
851 1466
510 118
1619 1413
336 531
645 132
1903 999
724 594
1010 211
1152 1784
211 1058
1105 1664
1831 1566
1230 373
1826 332
1159 1884
481 1884
75 805
351 1026
1537 261
1574 1973
423 1007
1633 321
891 1802
1553 668
871 491
811 696
1144 1667
1468 1598
1654 1788
587 679
532 1747
704 266
1848 1332
1935 1106
1928 1638
710 1733
619 188
1755 525
502 849
893 881
1386 1124
74 1780
1434 22
144 255
1564 712
1772 165
993 1637
455 550
974 1747
1696 1526
820 544
453 1790
1189 192
542 1909
1292 238
1664 418
695 752
925 1948
1952 282
1587 1355
836 667
1905 930
1301 1896
1679 862
1352 992
1012 433
1918 1310
896 743
1145 1000
816 123
162 1541
785 1444
1490 1449
835 352
260 1523
1955 1339
357 55
1147 1225
1895 1161
519 870
1766 1031
1797 970
775 1832
1571 218
1154 779
1774 280
878 1004
909 1060
1700 1140
1416 1427
1874 763
1700 1630
783 1634
1531 905
1944 1872
1928 1037
1569 653
680 1077
999 1986
516 120
1401 1230
62 104
45 1001
107 1383
635 409
1186 1801
941 785
910 19
219 1728
1955 830
1000 863
1314 234
1836 546
237 1316
370 1104
1419 521
867 1050
1717 24
1179 1885
1426 573
1175 1206
1335 1005
783 1813
1928 1898
1097 904
804 1832
1120 911
581 1534
381 1749
1126 96
1818 1938
378 563
1335 1980
1509 1842
1199 1895
1906 1611
490 271
355 115
138 433
565 1228
556 1601
446 1814
386 1147
326 401
350 681
482 793
748 1588
851 1196
172 291
249 1332
1476 1459
760 230
904 438
796 1903
222 936
388 788
1845 1707
1798 1153
1203 594
1897 1376
75 1059
1714 1004
749 886
1859 1788
171 115
1761 29
928 1349
1683 1468
1729 460
812 1098
1219 1181
222 929
397 372
807 1405
1711 135
705 893
1061 99
833 11
1567 1116
1596 396
130 1788
1291 1759
1750 1060
930 1213
1797 1357
617 1888
625 189
1353 592
146 957
574 1128
94 626
551 1755
1547 1205
227 1416
1455 349
1700 1066
522 1524
1929 1852
761 51
89 572
1258 1445
1218 1825
1120 1334
388 1735
1232 1374
1862 1158
1271 1379
882 1696
1492 41
706 1952
1499 1646
1600 1354
1381 1670
1924 609
1926 861
1033 1905
348 124
1570 555
120 761
862 837
1427 1055
1705 1510
119 1031
1920 1874
864 1449
1412 1532
1467 60
1466 1234
955 363
16 242
1459 169
565 1621
1581 1680
1755 1757
1983 1688
626 446
662 370
85 1072
1697 1774
1047 1770
1802 1966
1572 929
1381 609
245 410
375 1247
717 1998
422 136
1118 1465
76 1604
368 1346
1018 1064
1616 1096
289 846
1275 5
996 1908
1450 200
82 538
772 1834
644 1558
799 925
123 1383
1869 1722
512 327
179 238
1934 438
1926 33
1334 246
653 1829
1728 1856
1662 1398
1162 641
1347 1219
597 335
62 1636
1404 1460
487 585
1486 1703
16 1244
801 1797
895 1421
284 1044
74 443
960 1988
706 398
796 150
1159 1585
657 1785
1616 1043
1642 1774
825 1769
1889 146
800 680
1454 1419
331 856
640 31
709 1703
1754 346
281 773
322 354
1459 821
1548 46
239 273
875 1216
839 786
728 544
1347 1800
1135 89
1192 1092
1372 1762
1373 977
1200 887
522 1630
849 28
1502 302
1374 517
1377 1950
1799 1900
927 13
282 1270
119 1041
1954 51
899 1232
429 1645
1149 1005
623 228
1213 1556
551 357
492 1683
32 277
1011 1887
1388 907
1648 656
1676 1031
81 1986
498 955
453 1356
1327 1037
1603 1798
1078 915
1491 896
1384 436
349 1147
140 1348
1504 1675
383 1555
614 954
571 22
3 920
94 1205
1867 464
1612 87
1198 1983
1983 1070
1749 1585
1360 404
645 1177
1835 177
1106 294
1034 455
1468 1171
957 1552
1366 805
7 286
352 1436
172 1604
1730 1145
92 577
7 760
370 549
886 547
62 760
1352 1834
57 827
1188 174
728 407
1134 620
1827 1806
870 1890
1210 751
1114 1335
1843 245
1740 347
269 491
1797 239
1815 1611
1401 345
146 853
390 1173
1171 1563
1613 967
1203 1123
840 803
605 197
970 1798
1359 920
1995 98
1566 1674
1755 27
1448 1328
316 1511
1059 1185
715 1384
1028 279
715 5
758 288
1037 718
1193 1938
688 104
1399 1010
1422 387
11 1335
9 85
441 131
495 787
1872 1309
1414 1584
0 939
961 1660
1601 1595
1045 1579
1488 741
1977 977
1675 759
1611 1308
1131 1046
1799 1015
1218 1972
137 1873
18 737
778 1530
936 1378
1671 1947
334 516
946 527
717 1975
1962 1860
445 236
107 1864
959 1738
1389 519
1348 1046
159 1594
1826 1663
650 1855
912 1231
174 1378
294 935
739 1857
1073 1939
627 330
122 1060
249 1064
281 1914
1638 384
1164 320
969 890
886 703
1562 1721
270 876
885 1857
1819 512
166 1230
414 134
1602 1602
1183 809
430 794
1106 950
1230 1167
1468 292
1018 17
1222 1980
1306 1539
98 383
634 475
1686 1860
1702 1608
482 1201
178 1537
740 1176
1894 1146
1280 960
626 507
1359 1198
630 101
145 1193
131 1434
1144 1666
621 1209
305 1752
819 1960
652 1135
1837 1216
190 205
763 665
1978 1454
823 872
985 1691
559 188
45 534
48 1938
1364 1621
279 1136
1841 42
577 1700
409 1365
753 1116
249 996
310 655
778 1474
438 1936
657 476
74 1664
1339 1541
2000 1810
1425 270
1004 224
17 1253
215 457
1357 92
25 379
1100 198
1928 1866
887 507
465 1921
1638 1458
907 856
1756 1625
684 731
347 690
1337 491
981 1258
836 426
1883 1259
325 794
1685 1332
1925 639
1383 1988
1033 354
765 756
1189 1046
1940 834
250 1226
1139 720
1920 1729
1988 1247
1479 87
373 530
1037 681
638 1212
442 1369
1502 1578
1867 1402
1754 1521
1280 831
555 178
404 1543
1609 694
513 1043
1342 1162
892 992
415 1781
683 1133
1975 3
1583 1295
1106 1344
1559 298
773 1092
1817 139
1419 294
160 1337
1673 1086
1096 1533
275 933
1666 14
1198 442
1818 674
1146 1833
1267 797
1159 119
1856 416
617 36
1419 408
429 832
1969 1791
640 1009
216 1182
1037 1391
329 1755
190 824
79 1192
1783 919
1558 1521
1192 83
1150 472
786 1276
822 539
1623 1956
1493 1317
1078 99
1602 254
503 1750
735 1221
185 1858
1656 1109
1728 1946
1951 835
1809 1956
108 5
70 1824
1338 978
1734 634
1528 961
16 870
1271 595
1876 52
998 175
1598 648
1721 1624
1604 346
1326 1801
208 1189
663 1887
76 882
650 450
1157 8
1599 1545
327 930
1965 1166
1425 172
979 1087
803 1862
1263 524
1364 1943
386 1854
1042 389
436 1208
1680 1461
1482 361
1138 831
1306 142
956 1289
148 1906
1721 249
431 1376
104 420
1256 1803
265 1737
515 456
597 89
1972 1794
1753 911
1801 533
633 1999
561 369
1294 840
617 1308
1278 1763
144 1924
290 1335
478 1278
516 1255
1033 344
388 1107
702 505
1778 1376
971 298
742 1350
84 435
1183 788
1877 28
1948 1429
878 604
744 996
928 577
1302 1820
1962 778
1865 810
930 1609
127 1094
1321 1766
665 1206
543 565
205 491
1282 1463
1516 1916
1880 740
507 154
291 1261
1839 330
143 669
1880 1880
176 1188
1995 150
784 291
1939 1121
1736 66
1385 1157
1083 741
1198 195
584 545
207 1238
909 1360
277 1443
1441 842
124 740
560 1243
1581 1834
119 1546
1436 1348
391 1632
1874 180
1028 1026
354 998
1804 359
1976 362
1904 1446
259 1678
40 902
862 286
963 1428
1552 260
545 1593
778 1010
319 1673
1334 834
734 1096
1318 961
1904 1280
1264 793
831 1870
416 1845
737 196
1603 69
882 848
1318 1379
771 1788
1295 758
1599 1498
382 724
1440 961
1208 61
1446 1760
715 802
165 394
1548 411
1619 788
1041 509
1170 1362
1320 1184
789 1543
560 1466
215 1697
805 1368
568 517
803 1197
782 136
1028 1090
497 1591
1778 136
1437 1190
135 648
1797 1048
1392 1499
1306 800
1478 941
882 1467
1166 1679
1345 264
292 294
1028 759
1316 298
795 404
147 1155
1660 1550
549 1049
631 7
1533 1314
1197 672
881 939
1798 110
1107 1760
1077 562
326 661
1045 615
239 1268
202 667
1823 1301
1207 869
1993 92
1806 290
532 291
516 341
1160 512
610 230
438 934
823 1992
829 1715
249 1869
1844 899
393 378
1759 874
1417 1488
1778 1547
1400 1291
10 1836
1689 354
1933 1782
137 1239
1960 1570
584 831
590 1555
1728 1480
1537 718
431 1332
905 1802
483 118
1937 1689
355 936
780 1787
1057 1286
86 1359
1481 1463
1941 679
39 948
482 1202
33 1455
1680 1723
1074 85
1040 1370
609 1782
1008 1066
1292 1629
1786 717
616 349
393 1264
221 1490
36 1428
1057 327
1240 630
69 12
68 1955
1924 427
1608 832
1482 1187
350 627
595 1008
1792 1907
295 479
1461 111
796 1072
1345 719
257 1158
858 1358
753 930
763 1161
1810 1389
708 1558
1506 1338
1925 1441
1605 438
102 1944
1187 720
1415 1391
1154 612
1568 1031
713 118
587 1360
1236 841
474 1389
1079 1162
1225 1380
1399 1133
461 1846
1602 1420
1401 477
1526 1475
1855 1645
1934 172
1415 427
489 1047
1965 818
1865 1185
1864 1663
1671 1075
299 460
396 1038
502 681
502 1093
515 343
319 1811
267 849
1725 1866
1122 1222
584 1603
730 1844
1202 518
999 1291
1043 223
1663 1722
1152 152
1674 1366
164 100
322 1705
1751 111
33 185
1923 439
1189 1568
143 129
1059 742
562 981
1429 1576
804 21
1358 69
1145 351
1622 679
424 1459
1989 1079
1492 1839
60 1008
1663 171
1398 98
1478 385
1714 263
1874 104
483 543
1490 1693
680 1801
1015 1922
237 683
567 937
1595 1101
350 109
583 960
925 1479
362 1450
1231 1356
530 1815
1053 876
1226 698
1582 335
1454 741
756 989
1227 1057
1935 803
1309 1511
1557 1162
45 766
512 418
1948 318
566 765
1979 808
1605 389
1293 1913
603 634
456 295
214 93
1277 1304
1324 1365
146 636
1752 801
494 967
1924 1121
610 577
1788 987
1774 599
1568 1137
448 1250
149 1547
274 1324
698 1717
1480 1389
1907 1941
1215 1143
1925 719
504 160
769 562
342 1417
599 1877
766 1931
613 1002
711 1678
59 951
1289 817
937 795
1313 767
415 634
1493 861
568 1209
1639 796
1636 1760
1888 894
1800 969
697 100
983 797
1357 1162
1959 1078
1073 1394
297 1848
303 1746
1236 820
716 1025
1073 49
694 1036
1599 1939
643 1900
757 596
488 910
1813 836
141 1255
574 353
1412 1541
952 65
1184 1032
560 887
1786 1215
61 218
1265 1355
913 163
1995 1085
69 392
1185 575
136 1449
631 260
822 723
645 182
1491 148
73 1541
1133 1536
1911 1961
157 1910
972 1485
667 919
655 833
1716 933
358 734
1488 1747
705 85
244 1466
823 602
1000 43
678 817
974 695
1199 1036
544 1499
1805 556
1298 1709
1205 934
517 339
665 1694
1277 641
761 1481
943 1121
561 717
67 1313
1955 1888
1085 1304
999 480
78 1592
676 1372
20 1053
1049 1010
689 584
577 1056
775 1347
581 1413
1512 906
1816 1754
523 51
734 1445
1759 1763
1141 673
556 470
748 216
766 935
310 952
1159 955
1498 558
1142 1658
159 437
1129 691
644 300
818 128
356 694
54 1266
1038 859
140 1819
772 1851
538 786
215 61
249 41
666 44
896 1838
266 662
649 1256
49 406
1603 1928
111 1455
468 68
512 1174
864 1714
1963 184
1980 184
546 691
1329 443
1431 272
1878 624
1457 753
673 1152
1334 436
1263 1689
295 724
858 964
1652 674
1897 1034
1079 1996
811 146
1166 31
863 567
1433 464
582 562
1748 936
56 1004
490 487
1833 1950
1756 1910
631 511
1402 482
1045 518
90 1728
1071 1628
159 1023
374 118
99 1972
976 1674
951 1434
793 1613
822 683
1745 1482
891 1230
44 524
717 1352
736 572
1004 165
479 1325
220 1071
1919 316
379 351
477 883
871 1464
1782 1709
1955 1069
1038 1858
303 1781
1985 1459
1979 150
1325 1185
893 436
1928 341
1729 417
1864 1634
1859 44
1612 1543
1645 696
1506 1433
997 574
589 1188
200 1579
554 242
1933 420
129 851
1661 1475
750 1129
351 1398
285 1864
1752 1881
632 1657
852 1378
1770 368
690 880
931 659
767 803
1579 1361
1618 1572
1237 610
217 251
1113 345
1302 1514
595 834
181 185
306 928
1979 545
1438 1979
1981 1313
37 1934
955 1323
1485 304
1839 690
267 1004
240 1602
918 539
1542 1337
1828 110
578 325
1511 767
1304 807
465 389
1230 1978
493 1102
46 1894
328 1629
874 1784
138 1789
848 654
459 769
390 1332
672 1611
317 1524
1886 1694
1579 1366
1464 1466
1816 1299
1552 1615
832 843
727 1380
939 1918
625 1667
1131 1789
235 209
1062 851
1003 296
1894 228
62 955
141 430
724 1578
1173 559
1089 1158
279 354
1221 1296
1627 1611
903 1644
635 1802
1342 898
1453 1630
971 201
1397 953
1400 499
1593 1617
878 1911
650 1204
1651 568
1887 1228
1421 1684
1838 936
34 31
137 1701
191 1962
1680 555
781 1983
291 1797
451 694
1083 341
1362 998
23 183
1065 1489
289 1728
916 706
286 1029
1191 398
541 1645
1703 1508
1894 285
725 1044
372 1095
1865 427
821 1596
858 90
1423 1213
317 817
987 1351
714 406
1206 1989
731 578
12 1494
578 560
166 1195
92 433
1944 946
1562 929
796 1211
219 69
1348 733
1539 1938
1091 865
1256 1130
42 1966
955 1191
354 39
542 1163
1770 1299
1124 765
252 793
1778 1129
434 1185
99 1456
39 1965
1136 1258
1004 1939
133 658
1893 1478
710 1842
1011 1346
1544 176
1710 38
129 741
1021 1199
1226 1938
453 97
1998 1284
331 1224
392 1822
1870 166
1130 928
1342 1397
178 1528
530 925
244 1039
95 1508
517 1669
1037 169
640 1508
188 1935
1559 1861
627 1224
956 1607
538 213
881 447
1610 1960
578 1376
1313 376
1411 803
330 1733
1976 1907
1690 125
391 1564
712 929
1643 1001
1295 740
1165 503
1400 47
1561 916
1514 107
1909 498
711 902
620 1840
171 503
1878 1972
1473 207
947 1945
817 1382
435 737
1365 1061
1049 62
910 205
266 1836
774 1688
1117 310
334 420
904 667
1439 1334
678 510
1635 808
1821 1389
875 500
1439 141
885 1535
8 1263
785 1515
234 574
1811 1333
1696 1783
1995 439
968 442
1160 1589
70 784
241 425
1139 695
1644 1045
1947 994
1786 1384
381 4
1537 1410
568 893
144 867
1435 1596
1569 999
1090 824
582 172
363 928
760 1330
899 1316
1666 695
1571 836
1089 834
1949 1825
1109 423
1902 1349
1369 1017
258 1446
249 833
1124 334
1721 1797
526 1568
220 386
1029 1661
1016 204
1016 21
821 981
227 1230
586 1857
186 1063
1032 1427
1360 485
927 651
1829 105
207 1620
1116 875
1941 1190
1003 1392
1751 178
154 1989
571 1024
1275 574
738 1633
893 923
1463 1205
962 1797
133 739
868 1843
1129 1853
766 625
409 654
156 1457
1962 413
1175 109
709 1660
1364 1015
208 1744
813 1386
1827 866
527 1397
1284 795
340 527
1064 1920
372 170
694 1371
1530 1246
1221 1716
678 313
149 728
922 899
326 11
1794 161
617 144
587 974
1630 1797
1661 932
1839 1142
769 1467
1412 1530
1883 42
1438 542
330 28
693 1219
302 286
1977 1745
1651 1723
1119 827
1246 1036
1184 1479
112 233
301 150
17 552
1809 12
389 1907
1104 24
63 314
1398 769
1128 1811
1993 1796
1840 1364
786 766
1040 339
1811 1515
566 821
686 445
179 473
1115 1051
1790 234
324 1190
1650 190
611 1252
290 1892
111 255
1234 1482
328 1990
1499 142
1204 1755
908 1933
1071 429
1992 1764
303 339
878 1770
279 234
1669 1461
1467 229
893 1225
691 879
69 1803
232 1085
67 1183
1360 1446
616 275
1001 965
649 1624
458 178
1756 1607
1860 86
617 1582
1342 1866
606 11
1195 57
461 1592
452 1242
1780 136
1834 633
4 40
678 1669
883 1653
1533 580
1429 1611
639 1329
1274 1611
1783 1377
634 1693
1752 435
1304 666
645 1257
1844 479
88 516
1095 1498
380 475
1578 452
1084 1982
152 683
507 81
928 208
1636 238
1777 844
1401 1360
1191 1840
42 922
902 186
1813 1640
67 1759
1600 359
904 1120
466 819
1716 1223
1949 506
372 580
797 1456
287 386
1258 278
190 1751
625 1649
1055 1481
502 1358
468 1269
251 1125
1739 1540
1590 1943
754 733
1198 675
1072 586
1534 851
173 1336
418 460
1727 530
1405 0
557 157
149 1206
1489 1174
1703 1458
860 73
574 1416
1331 856
120 1168
260 526
1727 607
1393 425
484 1309
999 907
865 220
271 1664
940 1827
1281 540
1849 610
526 1650
324 1537
1553 1682
1453 488
1262 253
866 60
557 923
1018 517
5 627
676 25
1358 1243
639 1372
1266 1577
747 1704
1428 54
1950 1442
1764 1446
1815 163
737 1700
1427 1976
1183 571
1786 1512
230 93
251 161
1524 595
936 1323
1511 88
401 785
832 1770
370 1225
1782 1247
755 1627
204 112
170 1664
87 753
1306 1708
732 1371
288 295
915 1753
1403 1791
1239 649
1603 170
353 239
20 1179
1925 1446
1308 1102
154 1569
1956 1289
1797 1255
1966 720
1971 208
547 493
116 1864
1307 1756
837 1234
916 1625
1460 1948
1280 1924
169 110
840 328
1355 858
855 1562
587 511
1164 864
763 1827
1987 1190
284 558
1340 1676
1187 1493
67 75
1711 795
1107 1913
684 161
288 1502
847 1204
1384 1008
558 1746
826 915
270 723
849 1714
1765 1675
56 177
689 1824
1316 494
337 1354
237 1663
1446 778
706 1556
606 1606
1095 479
370 1404
1795 1470
1213 434
310 1686
567 953
78 293
23 918
502 642
225 154
1624 427
154 1192
113 565
682 260
882 1132
469 1488
1336 1882
954 1605
1475 1776
1319 856
1954 1160
217 236
292 1135
1946 1822
752 1361
1972 1363
1075 1896
1565 1153
419 665
252 475
970 200
1964 1241
696 1726
982 1851
35 1481
120 894
431 1176
921 361
1401 1189
838 461
1092 979
1914 1912
238 808
214 395
501 1137
1556 510
474 1504
762 1997
1454 1292
1548 119
1773 300
1304 1705
143 112
1183 202
1802 643
103 541
338 438
1978 356
1671 1640
1512 1143
1381 1882
346 363
1789 878
1178 1147
1725 1994
680 81
1115 711
641 952
1732 702
1386 298
1903 1008
1816 392
1908 1709
1262 1086
184 272
27 1861
714 460
216 1041
1383 1158
1023 564
69 768
311 513
1436 1002
914 1472
1169 592
886 1720
1495 1167
967 802
815 103
1123 944
857 1330
605 352
824 1975
1785 117
1100 1633
1284 1940
377 618
746 868
1759 422
1338 1766
1388 1485
54 6
1342 1105
578 135
1089 1287
1295 658
247 1123
1487 676
1257 595
1168 1274
725 1713
531 1201
1142 1476
1018 1181
425 1819
523 568
1422 1780
1386 1420
122 0
282 1202
307 1223
418 1957
642 698
696 777
34 1010
507 1952
1914 758
489 1763
2 880
1102 544
1351 1596
1845 464
1902 607
808 1940
342 863
1107 1800
617 1712
591 1179
1657 1095
943 968
89 346
440 809
284 650
585 1181
947 1824
935 801
1281 141
1097 1007
971 1837
54 1243
1954 637
507 605
902 1622
111 1067
1746 147
1853 1780
1404 1675
1668 842
560 1857
1290 1973
650 451
718 1960
793 1320
241 1357
778 638
1866 1892
1631 278
1229 975
455 1889
502 536
558 1902
1849 18
309 861
1615 1513
139 708
991 130
783 1097
962 681
542 1305
730 823
5 415
1388 1913
612 846
929 855
818 383
1806 287
1011 1824
1577 1456
1960 1001
716 669
547 109
432 305
1190 803
1572 725
776 1948
558 696
498 1288
1857 1881
1917 1534
258 58
1198 1135
618 323
190 347
1313 1651
1401 1472
680 381
1223 1224
1734 577
483 935
174 1161
9 892
1370 810
1484 1681
339 1165
256 424
543 1274
736 18
30 1585
458 995
35 1844
1105 1121
72 230
363 1466
133 1279
437 734
1993 346
375 1359
567 951
1244 18
1399 32
1477 1986
1857 1121
1219 59
1648 188
1835 1165
1148 275
502 336
999 1667
1106 535
1810 370
338 456
629 1009
924 1312
836 153
390 1672
1808 1331
1695 943
375 818
1543 132
757 1250
910 333
1749 1612
446 1313
416 1060
21 1606
478 901
737 673
276 716
675 5
1635 769
630 334
365 565
1738 1800
1680 764
1157 988
972 1652
564 331
363 226
1756 752
1573 275
436 1825
1521 1883
513 1626
89 562
1082 1458
352 613
388 240
1136 426
1348 654
1198 396
1810 208
261 907
1236 925
1871 1712
821 185
948 406
112 1513
463 904
1510 72
999 1980
1906 338
899 1054
202 632
988 1446
46 1929
41 221
350 1947
229 856
292 518
409 138
844 1762
1405 825
1806 817
1629 675
544 1690
1570 1375
1420 119
1826 699
1227 1947
298 1757
92 1649
364 1573
1775 246
175 444
806 1380
945 1237
1120 1785
618 416
1166 997
1079 1885
1394 849
1681 646
1161 111
1931 1846
34 1296
995 677
1186 1075
