1000
1848 1271
1803 803
612 923
669 1936
967 1178
104 222
139 1680
540 899
678 1587
338 1918
1512 53
1352 674
1638 26
199 280
991 1924
1188 1518
1364 154
1433 988
1380 886
459 683
1893 912
78 1509
332 1402
667 1514
1876 1469
996 1067
381 275
1909 1548
728 1449
1261 1759
1990 488
1518 1384
726 1166
1686 1627
1823 103
746 1676
1503 1020
1684 373
1705 1572
1814 1095
1962 1897
460 572
1649 1603
1141 1665
1325 1462
780 757
1597 1298
1617 622
1300 431
1325 301
1353 478
406 652
1690 145
1739 524
1727 683
1284 1546
526 370
1835 333
1709 574
1613 240
1938 88
1240 182
1867 563
1864 4
403 836
233 1787
409 1263
100 815
158 1171
1331 1030
377 1240
1594 1802
1819 1467
1871 172
1346 1287
1961 189
1160 308
1723 560
798 536
670 692
1396 517
509 1483
818 1858
1732 1630
179 1657
1959 1906
1126 1081
1001 1416
814 181
837 651
124 1840
1179 692
1553 1495
904 1781
1212 1294
1118 7
1288 1765
6 1343
1762 1668
1639 1345
318 382
1584 870
529 1634
1405 1358
810 1780
1335 537
364 139
1738 1955
155 1984
458 806
1239 355
216 263
21 225
659 953
1342 1884
944 1751
159 1612
918 706
1041 1600
172 126
560 816
1038 552
1847 1297
1725 576
1197 1418
667 1450
457 1671
175 726
1330 1916
1343 562
1259 658
1433 17
1922 426
1396 1228
974 1365
986 857
1092 231
1982 105
1231 1681
581 1525
811 1116
1212 611
1289 1617
1228 182
202 385
18 1289
1261 1736
1140 1614
1409 1642
753 1790
178 1749
1592 1528
1333 497
340 206
939 1934
1909 1542
487 232
1464 421
748 287
203 714
281 1437
1840 165
298 1154
1179 215
1096 1489
1261 977
1025 1328
377 1334
1297 910
1254 1350
41 1548
861 1593
372 789
1082 1640
1868 1777
1098 63
629 1777
984 710
823 1106
1254 318
117 1229
1766 1883
446 1025
169 243
845 1833
1700 1566
1421 1015
1406 151
1152 1571
1388 1695
1578 50
766 63
993 1011
185 458
676 990
1146 78
362 88
657 353
1140 797
1862 951
1530 115
1048 890
1875 1463
1707 1923
692 1110
1549 277
306 210
1096 60
520 1291
1279 1212
90 106
1660 1470
721 1680
1655 1049
1392 1486
1009 1361
788 963
847 773
182 1641
1245 756
1889 1473
1573 687
973 376
16 332
1503 1543
1543 1524
376 561
1276 1574
1111 420
1700 1924
271 377
444 134
858 808
1017 1194
834 1074
891 1262
914 776
1210 1430
253 325
1028 1647
1160 1596
1507 619
1566 209
669 1362
566 750
1164 225
1646 1638
27 634
769 673
1261 194
1500 794
569 514
1384 1495
1160 743
1860 1927
1787 1345
1975 657
1489 491
181 1041
1273 169
1484 1976
1977 1134
1699 1485
1165 1306
245 1012
521 321
1116 1666
1263 665
1759 1544
1763 1192
65 1694
1129 1234
1242 198
539 1107
755 1628
474 1437
447 1725
1414 505
93 1728
863 1821
182 67
1921 721
1245 748
831 927
975 1223
584 1877
805 1480
1554 1166
1882 190
508 215
1243 378
1678 1183
120 1284
885 10
379 1057
1851 1557
3 724
1457 1141
160 1978
868 535
1562 1127
1146 883
157 277
1513 1341
22 1030
336 1957
482 640
317 1818
207 774
13 1688
1585 575
802 1247
785 874
1510 1652
826 1474
1762 1366
314 371
123 685
1176 980
1693 1762
38 1897
117 1176
1815 942
1694 901
1204 386
860 1795
1698 1684
1670 513
143 1617
1211 1755
608 499
1124 575
857 31
929 395
226 376
16 1661
1443 1978
1709 1204
630 589
343 587
207 1093
1640 1556
1460 1575
1875 1935
192 1208
1913 358
1736 441
1575 450
322 588
1771 1282
30 944
731 991
1835 164
1694 1729
1684 384
449 1812
88 139
1737 458
852 1948
88 717
223 1484
107 1791
1981 829
1059 1557
141 1419
1790 107
130 1838
374 694
1230 1415
1885 1240
711 1844
892 1065
421 1121
816 363
1805 259
1173 82
794 727
1031 1100
1258 657
1370 325
611 1924
1940 684
519 1775
68 1545
1922 1252
1045 1476
1019 795
1127 1001
500 292
1118 606
1239 591
1205 239
1783 452
631 1076
224 101
1146 1464
186 962
1103 1095
1742 679
1587 1877
436 270
309 825
1245 730
1045 1609
497 1993
1506 778
1572 822
1278 1047
915 1913
1531 1871
429 635
32 1003
1499 599
558 915
1134 1415
1531 111
1239 1474
1127 403
1926 1343
217 795
1933 1590
1787 1434
42 196
1396 1041
1621 390
851 1194
749 988
1886 1410
1216 532
1790 1250
368 945
1679 27
195 1718
751 1017
695 616
1145 1917
853 1246
173 329
1967 1609
762 615
1734 317
1295 353
760 490
1653 1822
1686 1937
605 745
954 1678
1227 1027
174 1718
536 139
694 255
1896 1610
1919 345
1866 1595
359 1902
1833 483
6 720
465 1970
1686 1577
1290 1505
1100 1976
775 479
1940 1134
1685 270
1400 1406
889 259
225 46
1480 999
166 360
979 872
1047 782
1905 1177
1503 1257
1115 527
234 620
1218 908
1003 826
91 1395
439 1734
1670 509
1545 597
1277 1409
1190 1429
301 61
1926 1941
1720 376
506 1667
626 69
260 1532
262 968
1964 1616
1931 71
908 818
1869 1505
675 1024
549 977
1059 486
1563 312
1570 1660
209 1170
465 1845
1184 1145
158 457
195 563
1540 748
1710 465
856 641
1400 400
16 342
1166 1120
33 1917
416 459
1221 1683
1307 1944
972 1424
1865 1423
876 409
11 1313
1224 97
1586 1304
1723 677
189 1558
488 1866
1711 1857
1269 1357
1842 993
665 1964
4 118
236 1773
697 780
977 291
1287 326
1116 1599
1151 1333
1566 1328
1945 545
176 920
10 791
119 1484
1326 603
536 1826
806 655
408 1483
212 1548
462 1680
887 920
1296 171
237 759
1864 910
1789 795
1839 948
549 937
1003 436
1622 1251
130 1114
159 697
1863 59
163 1997
484 157
1008 1182
419 1568
1413 1942
204 1333
1633 1861
1015 1682
1897 1
978 463
1671 932
191 1527
1728 782
932 145
1955 1413
163 871
1746 1886
663 1958
195 1630
293 65
387 1573
1705 747
1916 631
1004 1003
741 335
1873 853
142 716
1610 175
1557 46
805 226
1440 1930
1400 38
1946 639
1187 1836
1931 1017
345 1274
1352 937
1203 717
92 889
1358 1844
1548 964
994 919
1484 377
769 1174
1845 1150
64 1416
1126 439
497 361
1773 1121
1262 391
384 370
74 80
1167 667
467 1784
946 1345
1495 1183
984 1404
1731 1139
1142 1255
909 364
1943 688
46 625
1750 1373
1051 111
962 314
1522 63
460 1044
664 918
1201 168
1999 1781
588 1020
1826 428
1621 456
1692 1210
829 537
749 1969
1014 258
1483 1412
1837 1843
1071 1050
495 443
1648 297
455 1234
1061 1999
433 1493
1579 1251
530 163
192 772
451 890
978 38
960 1645
1915 1343
1592 685
36 876
386 553
1711 520
1650 1320
1902 116
967 1029
1919 642
1006 1697
888 462
865 1926
54 1803
461 1613
1852 393
808 1536
1162 576
1554 186
613 410
96 1295
631 1984
1458 549
1656 1301
527 1342
1460 217
1857 522
1923 416
1055 1499
1637 981
605 602
1338 281
557 1388
1851 904
1268 1314
840 1273
1389 1669
846 1580
1391 255
1629 202
1544 485
1357 1923
1685 1483
1895 785
851 1749
1173 1268
1567 676
192 217
1240 1447
174 1237
1993 1359
1775 1675
1315 1175
143 1605
75 1550
1740 1995
226 1713
868 566
1794 1241
1373 1749
437 1838
1602 199
270 185
1542 1986
1092 1535
212 927
975 1600
1991 1520
1698 1461
1671 442
927 1830
1737 408
1114 1936
1809 230
568 1829
839 1750
475 1757
1998 904
1327 1783
234 1472
904 1439
592 1294
55 689
921 1262
1897 1146
1706 149
709 1092
275 185
1946 946
1124 990
497 1858
182 349
704 535
564 1155
117 852
1864 1543
411 556
990 1466
1121 1496
1934 1855
1292 1627
938 1241
733 1351
1833 958
30 257
1566 1134
1358 1412
292 209
231 1341
1302 1853
1611 1137
1565 1333
1109 1913
439 1846
949 1589
561 318
1115 65
803 1179
312 814
506 1810
708 1986
1260 1652
1865 1405
662 600
1221 1758
1740 1644
39 1452
1780 753
514 1817
1571 813
1272 1775
137 1402
766 790
439 1248
632 1962
900 1666
1876 424
1280 167
1148 478
759 1749
87 633
864 569
878 842
1096 1122
1199 1446
650 567
426 688
1410 440
940 681
1828 1521
1246 242
952 738
427 903
630 1277
1174 447
1159 315
1029 413
1437 1975
41 1119
184 518
1494 1532
809 226
994 537
179 379
1644 320
1238 222
767 283
791 644
1096 1534
1296 1191
531 1800
1113 1495
1742 461
1886 1198
344 945
304 1172
1161 1039
1965 299
1126 461
433 1852
520 1073
1184 604
932 563
1322 1101
1459 1378
1956 1938
984 649
438 136
1308 1550
1638 1002
772 489
1397 369
900 958
1890 1163
1323 381
15 981
1565 174
1154 1808
1952 1078
1990 1976
1611 972
859 1290
105 550
150 861
1686 172
684 1006
68 1546
936 14
649 1933
1103 1970
194 812
1643 323
1133 722
1190 1077
165 1155
424 1887
37 1871
134 783
1002 923
705 905
534 1641
1838 627
999 1170
1779 1190
1008 2
760 894
1548 1600
195 713
1921 1945
610 1238
1491 1234
828 1353
935 1454
1954 1170
1768 686
605 617
60 904
1703 1399
997 340
1721 1721
300 1672
1013 588
1079 267
162 129
94 1277
305 1845
357 82
1841 1606
1878 150
884 915
1859 1579
1143 1954
1340 1912
1306 495
1799 860
1035 728
1309 1888
453 1937
1095 1715
344 581
1651 1245
1598 1795
1675 92
744 1096
1415 285
574 310
1021 510
675 634
1292 1660
1426 1357
977 1836
14 881
1810 1765
618 472
1 1981
832 254
1781 359
1768 306
379 104
1226 446
843 137
1096 822
796 843
889 1690
233 535
1016 690
1845 1342
1624 1064
454 200
547 1971
805 1472
431 1568
160 375
977 158
1578 1389
1884 1160
1091 899
1946 469
1163 741
1890 1465
1489 960
63 157
451 927
1097 1184
1827 995
140 219
653 455
1534 1948
71 1640
1333 101
1929 458
353 271
231 691
1052 77
954 495
1245 725
1610 861
1555 789
995 1042
604 682
946 1056
1668 855
1118 690
1612 453
1576 428
1527 1112
1489 1337
1905 989
757 851
598 864
1350 717
1549 875
219 1284
127 51
1338 210
488 1319
1940 462
1400 1910
1009 1712
136 1729
813 1941
1470 379
874 628
1437 905
1261 347
923 154
1979 1961
444 101
1983 1893
996 130
1531 415
408 1106
166 1896
