5000
1068 1461
891 1465
1859 59
681 75
689 1892
744 1844
900 1620
1743 513
870 1027
798 0
1334 1467
144 1656
897 996
43 1432
1635 696
1955 1157
942 1785
707 774
349 873
42 333
1718 1973
740 1862
1919 333
1746 626
416 1024
1780 69
1321 1064
149 316
252 1781
1385 590
198 1408
1077 1215
945 651
1442 1782
1356 552
1054 1931
696 577
213 1207
1568 1533
267 534
28 977
1081 565
862 1081
283 1652
713 1808
1914 1242
1920 882
1799 1440
490 1869
845 321
1318 1
1529 337
1836 1924
1940 1498
570 1140
1580 399
248 433
797 626
155 1246
355 1849
202 438
1896 1967
1926 876
1715 1336
857 936
311 567
1364 1359
926 1917
837 1996
637 1816
1770 1908
1557 1243
1337 1280
297 1126
1921 998
1908 1987
1108 149
1421 1482
660 331
950 472
300 436
1485 1041
1803 321
1791 600
399 1
1970 343
1704 259
35 237
1475 767
79 385
659 1393
1320 305
1281 714
181 317
1581 483
323 1170
232 475
751 1567
750 1660
1663 507
1758 1463
808 973
516 1989
1508 1251
1843 163
704 825
1134 1678
1152 710
732 106
1451 1680
1815 1606
627 1084
1556 152
1653 1364
1854 994
713 92
1582 360
1299 907
1771 808
929 543
750 201
1386 1196
204 50
536 111
1776 725
657 1689
1002 1900
19 1144
1535 1756
599 1184
1409 46
411 170
1065 487
1678 799
1147 308
1346 813
1193 865
1505 438
684 284
594 1909
582 435
939 1860
1327 214
311 671
433 1503
298 1365
272 429
1889 1697
1650 1027
1234 415
1660 378
1376 1569
1251 906
1982 1956
527 1016
332 485
1670 295
129 670
463 1607
810 860
879 1329
259 1273
1845 427
741 1202
312 1289
116 1315
1990 386
328 113
946 583
489 237
133 485
1004 1956
610 1
21 1526
762 759
1207 992
1293 825
217 886
200 1550
1528 1705
309 591
712 188
1814 1907
164 1213
1619 824
214 1840
1985 1566
1045 1561
110 1226
1328 1198
783 1385
350 1770
1786 459
849 522
1887 248
1291 396
1099 1248
1537 645
1515 1931
544 1873
602 954
1664 101
508 776
1177 1603
1214 749
791 1501
60 654
489 1245
109 551
693 485
268 1983
112 1786
754 562
771 946
1519 1549
738 1714
201 1091
1577 586
1655 442
649 250
1316 1891
289 1531
1813 1728
1476 308
1416 80
1566 590
864 1077
1247 1294
1716 1235
1524 1066
561 1889
265 1200
1140 1160
459 1503
1147 1568
1300 773
1466 1640
1376 1992
837 435
1417 114
908 1902
1751 145
1100 1381
1283 1903
474 1175
396 1235
38 391
1460 331
723 458
514 668
639 835
425 1083
1584 775
1193 1224
1259 762
1914 1111
1194 1376
1537 1580
1003 760
1668 1062
477 1311
1267 1207
540 382
907 1054
1803 1846
950 646
1340 1365
336 229
1052 942
594 955
1742 142
414 847
1306 826
714 1226
224 206
911 125
1508 1358
1133 936
985 123
1739 1931
503 1314
767 1694
939 124
1431 1266
327 1566
731 1749
1853 1705
1391 42
989 603
836 1039
1912 1160
503 906
1857 1814
790 1436
266 1694
509 971
737 923
345 538
916 1384
112 737
1424 1640
1959 73
7 52
1967 1477
997 253
1473 588
463 1823
981 887
386 1905
726 211
283 834
1652 93
1955 1450
261 1433
1042 393
1312 1515
1488 1729
668 140
1765 70
1988 1629
384 759
1071 1860
1405 845
1508 1010
383 1233
1751 1320
160 468
1146 716
1885 1257
1699 1335
1264 1360
811 1354
1126 130
977 1565
1625 1563
748 504
15 235
684 1434
391 176
1036 1230
1665 466
391 1874
185 1053
1351 784
285 1566
992 1090
714 812
1035 1733
310 163
1857 1152
278 238
102 1820
1065 1870
672 1248
495 904
684 1303
584 1592
559 1409
1068 900
445 1476
1321 1033
901 1913
1309 1874
1771 771
903 1871
53 881
1501 1045
1312 1231
476 577
387 1906
1629 1044
1612 1279
224 1046
692 158
1015 1478
374 1534
218 627
876 1595
1779 1946
114 427
1827 1630
1384 1414
956 1771
1603 1808
1963 1399
578 356
1532 1198
543 1851
224 127
1321 532
543 544
1689 455
989 506
384 431
1491 1688
1661 1614
461 49
271 1630
1719 1513
927 1792
239 1427
1141 1509
532 1790
1669 948
660 1192
1560 1603
464 729
953 1078
1011 322
112 307
1682 1164
261 242
664 866
333 1617
111 254
1284 329
923 970
1336 456
755 871
1051 699
1071 1322
1569 1441
1045 1777
1676 730
507 1397
806 159
810 420
732 539
1389 1833
1052 396
1694 1112
1357 1859
50 1766
427 688
1143 699
1221 1879
1425 1847
529 1862
1993 894
376 76
316 503
69 1497
926 1778
1703 963
609 173
1736 688
295 1117
1840 276
1703 1043
905 283
207 126
1162 5
62 590
1971 667
1831 1908
239 187
42 1511
1411 1036
1137 1828
1128 586
532 139
285 874
212 1159
1781 321
1030 1404
791 529
1402 1907
31 814
1531 929
719 1498
1517 1588
1475 484
151 482
1247 1484
1049 1260
1643 1812
708 1030
267 1412
61 570
1457 1061
477 709
1759 1094
370 184
368 1683
440 642
1463 1684
1575 1523
518 1082
570 291
222 1921
1410 440
1202 161
1625 815
69 131
1367 20
1630 598
1313 728
97 997
228 1854
442 1008
1277 1029
850 1723
937 1992
1929 1082
635 1352
1538 1340
1806 566
684 516
1984 108
1340 128
1342 568
1023 1109
777 493
1773 1557
1962 1307
446 87
1058 817
1045 897
1248 1560
1797 1536
927 1343
1688 384
333 761
979 802
1043 677
305 191
1639 516
1106 1518
448 313
36 1940
1158 605
1573 867
307 1169
1413 625
827 1446
1507 547
1002 1201
744 544
1109 806
1005 641
1107 1327
345 1796
957 450
1429 19
999 479
360 1961
869 781
1534 1126
1052 155
256 1225
552 80
49 387
596 669
881 1729
520 1499
333 976
278 572
546 678
3 1575
1798 1940
1372 665
261 1574
2000 1214
240 851
1243 1779
242 1325
1968 184
278 459
1569 46
843 563
1389 316
606 41
799 514
1652 1018
364 1161
1057 1504
1585 700
1806 256
998 1903
1419 1987
378 162
1842 1626
133 1665
1843 1467
776 27
1835 687
920 1157
1698 1173
579 8
1469 13
822 1628
278 408
42 1757
632 1960
594 1354
1557 395
1894 1669
1492 159
700 306
1298 288
1664 103
78 1188
799 145
81 1710
1274 528
1122 774
4 800
1397 720
534 1083
1842 1330
1672 850
997 1725
958 1015
1983 1958
1461 1386
191 1482
1606 739
363 1386
131 752
21 1490
986 838
1336 736
1001 381
108 1784
1000 1651
1670 760
285 1916
547 690
1754 620
188 1094
1792 1941
233 382
512 1472
1399 1041
1807 1866
1169 1237
37 472
266 1879
1375 1309
1082 370
531 417
1427 1836
1910 1523
1671 499
1347 1213
1066 1040
1542 1221
1559 1673
1409 1373
810 544
185 236
376 1054
662 919
455 1769
851 148
624 324
1413 116
1839 1745
1984 746
1596 758
1382 547
441 1535
157 407
1419 1489
1689 685
262 1403
918 1773
1743 1796
36 255
1908 940
387 674
1131 1745
754 514
540 155
1077 1623
380 542
1435 1173
1407 576
768 813
1467 1539
1040 1127
832 695
203 484
149 119
220 1779
1090 1651
1966 1897
510 525
1173 271
422 1011
1757 1422
1260 1256
1301 83
1203 814
928 389
52 789
1329 1877
351 1703
721 1929
1892 1315
992 1293
1367 501
353 1610
1189 185
1997 1319
690 487
1692 1387
359 1807
1875 855
1313 532
1599 153
1259 1295
685 1242
303 1311
1526 1119
1227 1753
1276 683
1250 213
161 561
949 1505
1135 779
1891 1573
1496 160
1743 1058
697 770
121 1104
1438 252
869 344
261 373
245 769
1274 961
761 924
1416 116
1686 1928
1183 385
1010 922
811 1401
947 596
127 1962
726 288
424 828
1251 764
1453 874
869 668
1967 1457
1125 1033
1781 1712
271 1235
348 819
1968 1973
1011 71
313 1349
1114 1699
1182 636
834 1523
736 1811
1139 659
1599 253
1396 772
495 867
696 1418
1008 962
1762 418
1777 579
922 439
679 242
77 594
1001 1874
1631 355
285 1825
1602 590
874 378
865 238
246 1493
149 1027
199 267
1126 450
433 340
794 270
106 1050
1368 869
916 494
150 1587
1976 608
40 520
404 453
1426 212
961 1469
507 813
1640 1240
109 1057
1318 1431
756 1890
341 491
1405 542
1096 451
924 261
1638 1989
1830 1367
429 629
377 596
794 667
954 892
1917 151
1844 315
1465 972
458 977
733 1950
1654 1094
244 381
915 1068
1760 637
883 130
1531 1310
1475 659
936 197
350 1879
1544 77
647 1735
402 1378
1138 1778
365 1765
864 1154
530 810
1336 314
1323 1835
1014 1952
1427 369
1734 478
516 227
547 1865
883 179
1670 1090
784 452
261 345
1742 1089
706 1049
1412 558
40 241
148 467
1601 1010
658 1100
360 1983
1322 1813
174 766
1322 998
1440 242
354 1948
740 976
1415 1704
1204 74
1088 675
574 853
587 1423
1913 261
1054 1734
1835 1400
947 1005
247 1258
420 657
1894 330
1364 795
28 763
159 1666
830 1513
1054 236
510 1455
573 1089
836 1525
353 1833
1224 1717
536 279
1600 758
1951 368
1517 1560
79 504
783 1863
271 1953
1270 11
129 138
667 1084
1324 243
316 282
1384 1206
1285 78
1133 67
1721 1047
513 1186
46 337
1445 20
575 645
533 1302
587 1118
117 581
1582 1079
678 1890
3 939
1369 142
722 2000
1146 1677
1394 52
482 1269
1940 764
552 160
917 340
1292 290
1549 1120
454 765
1904 1107
1678 157
1022 123
407 65
655 1753
1856 1474
176 326
271 814
1582 452
360 1766
1874 1275
1066 1394
709 81
988 1806
493 1007
593 571
1292 1451
1169 458
1506 314
1518 1401
830 1090
1800 885
838 1904
1539 1143
1603 702
1031 662
589 82
1999 522
1442 1901
118 1254
743 1329
456 1214
1789 780
658 1111
535 927
1038 1773
1329 34
1410 805
1182 1271
616 1132
778 1835
992 1850
1681 1763
1647 1448
399 1209
1715 788
401 912
880 1987
1537 1694
147 1434
1898 610
481 150
956 1441
1151 1391
613 931
1388 1998
1910 172
752 1962
769 252
640 1258
363 1758
1776 1321
1986 1672
918 953
1259 1760
1033 1573
1991 767
1377 1939
1966 125
1840 1601
1988 161
1616 692
1996 1928
1906 1161
1549 864
249 1910
479 658
1403 1412
555 1405
36 1161
208 186
1077 1566
644 349
1602 1412
977 1071
1880 1386
1449 268
1741 304
1643 1026
523 80
1418 1348
146 1809
27 722
1799 1361
1304 1528
1817 1134
563 1731
720 1768
477 716
1330 232
587 380
1992 1561
848 1166
885 1695
380 634
104 1210
36 140
1282 1935
743 1323
869 1864
1390 295
1620 793
980 457
1220 484
1203 248
1263 1346
1680 608
1821 510
136 550
1262 848
718 15
678 552
1257 601
89 87
1729 1284
782 1039
1069 347
391 794
58 1072
223 1728
1276 870
233 695
754 1676
1585 1560
1829 1736
158 1531
1115 1411
985 103
611 61
1524 381
694 1452
1425 1996
1086 1315
1349 688
1228 946
359 486
502 1059
184 510
543 1027
899 224
1596 801
1277 422
1257 1880
108 648
1255 104
32 85
1866 623
1431 92
561 514
127 1926
1658 1781
18 344
834 1004
1902 1221
720 1954
792 1721
739 1750
298 53
951 1723
865 1819
1942 307
1280 346
1314 1230
1825 38
1624 1440
772 979
1018 711
728 365
638 472
1463 1540
333 359
1041 172
1449 1890
1950 1811
562 839
1661 976
82 999
823 43
1710 316
761 707
1001 1777
247 1288
1231 1861
873 1433
1693 1335
1021 384
411 1688
1953 1044
496 136
365 567
1574 1342
1420 1383
597 1712
674 953
691 1487
1445 887
581 1953
959 1784
363 770
291 1784
1627 1351
1524 1945
546 282
1335 616
122 1898
157 698
1709 310
686 1181
1111 928
65 456
197 1002
1757 1600
1502 1447
727 1020
1213 955
1544 1872
567 596
915 1777
928 401
709 234
1010 1101
1963 483
1255 1770
1615 1533
1614 314
1398 310
1162 1859
1119 1181
374 1573
1812 804
1459 1301
856 376
1141 1658
189 507
662 1211
401 160
1814 14
5 323
985 1054
562 625
1148 1157
1407 880
1911 1421
1637 700
1518 1515
797 763
4 858
1483 49
1990 746
1237 1216
1777 847
764 1861
1543 7
1300 899
364 1124
1946 1600
254 1197
1462 1888
1136 8
595 1892
180 409
221 887
401 431
1165 1236
733 354
1144 1680
1041 848
257 1751
889 230
1557 767
541 1776
909 692
1019 750
60 438
1529 1777
188 1487
1163 884
351 1281
22 1017
754 966
1399 971
1848 1275
1229 795
1830 1839
818 276
356 441
999 1432
438 1532
703 1442
1393 1865
757 956
821 171
486 737
1462 1545
1767 354
790 1822
285 1292
1489 1363
1776 1613
1084 7
998 701
1845 631
1363 1057
764 1224
1231 924
1118 1407
1644 1474
1497 1653
1137 684
1004 1318
40 1651
1575 551
1401 453
1710 1555
501 1932
1062 1244
527 510
62 569
389 828
1614 1297
648 1612
296 1259
344 150
1861 1258
1569 258
1907 75
1667 996
447 1633
658 142
358 1271
1179 1755
1900 439
1910 954
1421 1335
1830 475
486 321
1403 1624
688 1360
463 1509
344 1860
1574 1939
1138 1088
171 1426
120 376
1463 1749
1965 768
970 247
764 1295
199 712
945 280
538 1226
650 1416
1115 315
746 1676
909 1040
1875 1193
1916 659
344 663
733 256
181 1609
837 504
996 227
1820 594
1762 1721
1649 1931
61 1478
1933 542
783 1831
1612 526
1808 1475
1623 1375
844 1045
1667 1888
1712 459
1661 35
1333 1197
1860 563
184 423
1260 1470
1361 778
1528 790
1755 423
1772 182
452 38
1393 1590
1763 1768
248 472
1272 815
1269 394
945 999
1278 514
646 683
1345 1702
689 1124
79 1595
332 645
487 841
1866 1415
111 1181
316 1605
436 1515
1784 1537
1135 878
551 506
580 416
173 150
27 1085
934 141
347 99
1418 1958
532 420
1361 1115
793 1665
1816 970
1763 1407
803 24
115 252
305 716
1341 1231
290 205
1898 1687
244 270
1180 1024
673 780
1907 674
1232 1024
1316 798
818 1676
971 1542
1069 251
1709 974
992 797
705 761
187 243
1376 306
760 376
1449 993
146 1695
357 1187
412 1154
437 1744
475 758
1961 907
1585 987
303 1984
1228 395
332 617
379 228
1073 305
623 482
470 1345
1930 564
564 773
1856 1622
279 649
609 1394
388 954
892 1677
1420 1636
1737 27
812 1959
217 1933
1341 948
1400 234
434 1099
937 806
1516 1197
686 1232
1309 826
1671 1989
717 824
802 1029
524 875
566 1548
839 104
1710 2
252 382
86 1098
1611 1180
1539 1025
676 1284
342 1921
826 1278
284 1722
863 466
579 1681
1243 1704
103 1113
1301 1111
1564 547
1051 495
937 1551
1653 707
785 122
158 944
1267 1159
475 687
1154 68
142 662
481 746
1503 1049
1954 978
832 1650
103 786
877 1306
789 1376
697 1782
1312 1591
931 1841
223 1986
363 689
1807 459
1655 563
642 807
967 568
713 1103
274 585
96 1669
654 1033
1016 1369
651 772
399 1227
652 1828
955 1544
61 514
13 1588
421 1503
159 843
1531 1226
1433 1549
1599 1305
456 813
1426 1323
1161 1981
963 1072
1604 5
423 1953
621 98
1718 94
1676 168
936 261
552 1175
555 855
662 718
1769 498
794 1657
839 1984
1378 1215
1710 872
477 1199
1851 1545
1366 1250
1870 239
526 1532
579 1917
751 914
1362 51
899 1087
12 474
604 1684
1360 1395
702 43
547 850
442 959
1615 1353
327 771
513 1201
977 1119
1273 912
1267 1589
1532 1965
266 1647
619 1029
294 1020
1553 1279
1778 16
1978 955
753 1790
733 385
484 425
207 786
1813 1232
728 1841
102 624
237 35
1597 279
1599 359
900 552
587 1612
943 472
658 1395
1727 59
1582 1482
1684 1158
1849 356
1894 1621
996 927
32 204
677 1016
856 740
796 1010
1075 1249
167 1496
1141 1812
569 174
357 1090
1244 436
1881 448
744 1462
794 14
1355 311
873 1734
205 1403
238 894
995 1550
795 77
1528 1600
469 1483
750 1769
371 1192
696 1088
1170 455
1264 1374
1512 1071
1724 1541
1115 1501
497 16
1249 1812
684 309
1373 767
1055 296
957 807
761 1074
172 252
967 579
750 209
1525 1404
390 1966
1558 1606
655 1715
1404 103
1311 1883
1226 1627
1566 375
1382 1883
9 1452
351 1806
1611 402
1780 632
324 642
1721 749
1819 982
707 907
1508 1601
916 1154
234 674
1059 405
885 164
305 909
691 1133
908 326
1725 1757
1765 1423
139 1445
767 902
1098 1599
191 49
196 1007
1967 581
980 863
1345 382
1281 1209
1179 508
1038 1468
365 208
1938 978
1845 315
666 1911
156 1211
551 600
1253 241
1551 1380
1502 382
654 923
274 1117
1695 1083
972 898
812 911
1511 1670
151 1137
1584 1346
1591 196
1609 345
506 1750
1580 769
1402 1596
234 1874
1974 1129
193 222
1923 986
902 991
361 826
778 1186
1576 820
1626 1490
1798 889
362 1826
736 1612
1249 719
1352 228
1931 1387
1933 1582
1460 61
1898 1998
1033 390
1217 1580
1731 1082
1428 1549
454 637
283 1412
1169 1484
1364 960
135 779
596 266
1911 1312
714 1960
77 1316
1124 1338
422 666
1759 969
1283 1854
866 934
1724 1323
1097 181
1837 656
1945 1280
1247 821
1607 471
1397 795
482 866
1926 701
641 840
427 39
2 1673
556 255
1747 1255
1184 262
947 453
1419 1694
70 1372
1344 29
1029 576
450 891
1102 394
1093 1515
1186 472
610 758
1629 1864
616 1339
1626 1921
485 611
1398 807
1983 111
1011 1077
1812 1041
2000 283
68 1385
149 502
123 1081
1103 852
1681 1473
1345 977
1806 444
532 1919
789 1760
1522 1625
506 491
728 440
380 481
436 129
1184 1258
1403 108
1011 111
751 1182
1323 1265
972 1132
1756 1570
967 1492
1207 1167
193 143
1533 1369
1849 1481
277 213
888 1412
569 751
1977 821
1056 1228
1741 10
1602 1952
987 994
1288 1390
973 52
963 1409
587 194
646 481
336 563
729 77
376 792
722 245
480 1749
671 669
281 1504
168 725
1670 612
562 929
430 637
1380 1342
1619 1084
1556 227
1363 1510
1746 1798
309 721
127 1223
1024 1056
509 1862
59 1975
1198 1207
990 1132
1853 1766
134 669
13 1467
763 683
0 1266
513 1178
456 1366
1342 556
1790 872
734 671
1732 673
418 1059
1280 1532
1145 1463
1446 1730
1330 1604
134 1155
120 736
1252 385
1831 1378
1269 1182
851 762
1570 541
1321 1445
117 522
507 428
1129 892
1509 1751
1822 776
235 1284
898 1777
661 1073
1190 1917
1488 1184
1982 1949
1784 924
1260 877
848 1495
1572 1697
864 29
92 836
177 439
719 932
55 419
489 512
1726 531
1320 308
435 1459
706 616
930 1069
1829 404
1542 306
979 1379
1685 1321
1857 1247
139 715
769 117
191 813
273 1971
933 256
1161 666
1277 740
967 2000
809 648
187 1314
1220 879
1393 984
1617 1809
1553 465
1757 1295
38 85
1611 222
481 1528
753 173
892 1961
451 1312
1702 1434
771 1754
1649 1094
1002 1503
1710 732
751 100
290 793
1741 1888
154 615
1247 804
1779 1047
22 934
953 1235
1885 757
189 932
998 1558
854 567
20 1621
669 995
520 444
612 1550
1337 1530
1369 1115
75 1557
771 218
513 1820
1901 1960
1216 1560
413 207
328 1112
1952 1031
1379 973
242 406
1409 114
280 403
1232 852
942 599
992 588
1472 1444
993 1192
561 34
851 1488
1072 871
828 449
511 36
578 991
1611 1174
1656 1431
1500 522
1756 1837
107 1577
841 1964
868 416
867 1986
1036 417
251 1300
549 307
1624 785
1266 679
626 204
486 1155
125 1880
1361 1428
250 157
1774 1901
54 1854
1356 274
317 1373
572 1190
1286 1801
87 766
1417 1789
1042 1136
801 1192
344 1997
780 948
1139 674
1152 1712
1340 173
1275 1053
1258 1838
1228 1107
681 705
1075 1499
154 600
180 363
1250 940
808 197
179 1137
1513 69
1229 1355
1992 1093
911 206
87 8
1870 1444
1609 200
1157 89
1274 1490
1054 1297
690 1226
214 545
1877 1250
1012 352
1315 1901
244 76
1984 1755
1454 718
200 1479
1564 527
728 1334
223 1488
1418 1557
1274 992
1635 947
1846 1551
12 1769
1788 1206
1223 41
70 102
241 1570
1625 1343
1970 748
1868 312
821 1620
84 1622
869 1519
1376 518
1110 505
859 1439
259 564
1665 118
608 1321
693 1842
1109 1560
256 373
1789 1409
1711 483
1095 126
424 385
1439 1702
1493 834
959 1440
1093 1898
1579 50
1189 984
1980 1980
744 1075
1728 1603
18 1780
564 1536
1746 289
185 977
1128 980
1254 33
126 645
1351 919
44 645
1058 1066
1706 1036
1935 1269
1377 652
1524 1201
858 242
1773 1350
1436 1654
803 1143
445 1989
1388 1209
1271 476
366 1192
718 502
103 464
665 444
1850 502
481 1583
1082 1998
1299 917
1192 806
415 25
276 875
231 542
522 279
219 1669
745 330
813 558
752 924
844 396
1496 166
608 1931
514 24
1637 1634
1824 1692
1720 1918
620 434
917 1860
1503 1819
244 550
626 679
1065 568
1987 1750
1814 1231
1548 111
644 281
1862 1337
596 1232
1507 1424
1369 564
39 933
1617 426
1527 91
1138 1583
1587 91
1247 96
1297 393
1243 691
305 1579
285 1226
72 267
815 339
811 106
1809 494
1054 1082
139 1550
239 1920
1689 1519
1650 574
947 1607
1968 1748
30 606
1605 540
71 377
467 206
1139 639
1468 1757
1168 1296
470 788
1785 1625
81 54
829 1644
1128 1052
555 755
90 1667
1994 418
236 163
201 126
339 326
296 683
1346 258
33 1936
1197 1394
411 963
303 1266
488 864
1464 1259
865 1126
642 1588
995 862
490 1473
980 1208
715 1284
1897 1458
720 1948
1699 1501
1552 82
1928 1615
483 1096
715 507
1325 603
746 1776
167 1940
1505 1381
731 1929
1031 758
1067 884
1555 1686
417 231
1337 1377
1490 770
879 1855
990 224
1419 21
1907 294
1466 862
1306 157
517 1021
1470 964
787 915
1558 507
1099 650
1148 1450
1423 608
848 1587
26 143
1260 1614
1214 1771
324 1215
1746 301
1086 537
269 1024
1456 604
517 1925
1351 1765
1696 857
109 547
1914 132
667 326
1885 137
247 1098
1377 382
200 1593
1079 718
294 1608
649 1807
1886 651
320 1670
993 964
766 1675
1577 1938
1155 779
730 1410
1706 1149
1688 216
992 895
738 223
1259 1140
904 414
1141 1867
1590 1160
586 500
270 1013
190 995
743 711
664 828
916 1659
945 394
1580 251
1821 466
451 317
1625 1796
1004 1671
1004 1692
1262 1839
1941 575
601 286
845 1208
91 855
1207 87
684 856
132 67
426 523
1445 1554
21 1491
1248 210
840 530
99 915
875 548
1394 1527
1803 638
127 188
1548 1350
304 560
352 1986
593 295
231 583
1354 425
265 1949
1524 315
279 230
1401 501
1966 1154
1660 1668
514 374
1096 391
611 375
299 102
859 639
850 868
897 1003
176 526
547 1770
594 273
1434 1867
1962 1416
1769 1436
413 1436
101 824
340 423
1662 193
312 1248
378 627
968 548
977 1768
1443 51
773 685
1719 733
740 191
673 1619
1886 1789
959 1494
1267 959
1805 819
505 1249
863 1843
1349 602
901 1160
1981 1246
1578 1460
1407 1624
1469 467
1604 986
1846 227
1580 734
1961 790
1382 1611
1751 692
1967 549
1749 190
1528 456
393 953
675 654
386 1750
1828 1235
1902 506
721 628
116 1184
378 1163
1506 24
938 1172
1133 1845
1558 463
1975 1436
484 86
1980 1330
624 1878
1111 1922
1152 1954
1642 767
434 97
678 1105
220 1426
1579 1158
998 1899
1695 313
705 1502
144 1119
1612 1326
1626 80
1590 852
959 654
1221 1856
60 493
1879 514
1441 637
1236 1179
1358 1501
533 1189
1185 1930
153 439
1104 1080
211 539
1912 22
1201 1481
1083 1448
1906 442
698 1209
1837 1358
796 752
1214 93
1403 505
53 1523
424 1456
1257 1358
155 140
1087 22
657 1245
1716 1729
1322 790
184 119
635 800
905 1525
994 313
1950 141
1189 1840
385 708
594 1982
454 393
1555 309
345 1446
1848 1914
482 457
1867 1339
103 1883
861 903
908 568
720 1428
1692 573
662 1377
1556 1361
1651 743
1213 1459
312 802
769 449
929 598
953 453
1973 807
439 1178
1200 1969
1951 1339
1962 95
1727 1927
311 743
166 373
1475 1243
40 1005
294 1258
1999 1770
382 1375
119 1347
1791 1645
1703 618
812 203
1812 1450
356 727
1977 1918
1957 1030
429 1071
1370 634
397 1620
818 173
355 952
1042 904
12 1269
1263 21
1040 390
101 227
1031 1364
1215 1309
1237 1973
1174 384
1154 1409
413 1904
913 1708
893 365
688 1330
1825 92
175 930
1959 957
1036 843
1442 693
471 865
679 1902
52 1856
567 1276
1934 868
1864 1751
66 992
629 1911
527 341
114 903
1383 1040
205 1295
1721 393
1163 1437
1536 1917
129 435
1225 980
890 1134
1597 1682
857 1938
868 1502
932 1883
233 196
299 1324
634 717
1124 1976
1455 1944
283 1678
849 1505
310 1426
1094 258
20 1374
856 1265
443 303
1262 607
1952 1331
1423 403
733 1838
1687 801
484 76
944 353
274 1313
1566 1673
1503 1308
1356 199
1680 1970
643 1185
859 1841
629 524
254 15
325 1021
1332 1275
1759 1979
1771 1335
383 436
447 44
845 589
512 1775
914 1021
1753 1345
1809 1987
799 1248
1256 788
313 1300
208 1183
1064 647
256 1963
1347 1288
1497 1155
581 233
865 149
1819 858
1268 742
1057 540
1348 1944
269 410
1259 433
351 1926
479 81
899 544
659 759
1494 139
1733 500
1348 613
1995 854
1516 1030
1175 1871
928 1358
1605 1502
919 1961
1673 332
1108 1062
1892 534
1880 1755
924 298
210 168
967 1982
421 885
1559 1109
1767 374
596 1324
1383 1430
508 851
989 1321
523 22
669 1029
999 158
436 1566
95 1160
1048 437
600 519
954 1008
1473 1887
757 1053
1979 1730
8 1769
427 72
1962 922
1049 248
1225 1443
389 379
1999 1976
835 1648
1543 43
945 1710
1118 1364
1260 845
600 1871
853 1372
690 1607
1547 1835
15 439
1864 574
938 434
1420 214
1384 1444
1402 875
880 1869
370 1637
607 1522
338 437
1274 600
1301 699
257 1428
795 692
1948 997
934 583
1379 158
532 214
650 1077
435 740
541 1753
1397 247
741 521
733 1792
1879 344
1463 1212
1920 917
1896 495
1321 827
1777 1686
182 1621
760 1651
1697 1424
344 1511
937 1913
284 1102
1615 1255
1680 1569
1103 1155
284 347
569 1368
15 1166
1849 1453
1406 40
1730 934
1758 1067
1087 1673
89 324
148 344
1707 374
250 1384
1033 401
942 640
239 1576
355 1208
1601 754
673 1199
1846 1865
1641 1049
1339 1405
1402 1881
1440 1509
1693 392
811 847
1793 301
927 1152
1973 212
24 941
755 416
626 1766
394 84
1526 256
1205 1261
455 1584
1227 673
493 45
1850 389
1434 106
84 849
1428 53
1865 1661
1572 964
1401 996
1242 1265
635 1829
491 678
693 457
1826 911
6 636
588 1328
1317 57
796 1190
917 298
1606 1610
1615 1294
1179 1016
353 1373
542 1714
787 504
401 1607
1913 486
1292 724
1441 790
1683 531
649 1418
567 1430
583 903
1321 1796
462 1151
602 1874
499 1197
1986 1894
1019 1048
313 1962
1565 571
1583 921
1496 1881
1487 909
991 1654
533 1880
1801 1965
1541 1260
558 413
1021 524
772 707
1777 526
1703 1800
971 1609
476 315
883 155
398 363
1984 929
135 207
1064 1812
33 1517
243 9
373 469
656 239
1681 845
817 1229
65 565
847 262
94 654
1694 252
1213 547
174 467
1189 1198
67 769
219 1839
1903 438
1152 832
1207 1844
679 1478
1924 675
104 576
1154 1000
1476 206
543 735
1356 1266
396 234
488 92
1772 1002
1102 1162
203 1020
1329 346
486 375
1524 1503
1720 339
870 493
685 532
1131 834
1918 1551
233 1829
268 538
622 1070
566 1929
670 462
1011 285
128 1739
1806 1743
1146 82
758 1099
821 228
652 512
1154 1757
1956 1614
935 1050
1168 809
1706 1994
1777 1569
461 345
1475 656
1405 1395
428 267
1082 640
821 785
758 537
609 249
378 1617
485 142
163 1856
1858 1184
1598 0
803 499
1151 1046
757 265
106 240
1731 1262
609 621
1159 257
56 353
1140 98
1374 1268
1417 1886
1871 606
1605 855
56 1126
89 1846
968 171
1412 160
1769 1619
1578 1104
1820 1565
919 1069
267 232
1068 1753
365 1507
416 1221
1345 1464
723 490
364 25
1466 330
248 346
397 1926
539 309
161 972
1567 1647
1430 1035
476 1485
796 838
1072 1813
183 1657
1055 482
699 519
399 611
1887 662
78 256
1328 1983
796 1838
865 288
274 1109
127 1737
1496 1283
410 81
1422 1445
702 1813
1171 1526
1438 69
1425 808
472 1818
1000 392
127 427
182 1674
1084 1723
606 382
378 574
122 898
1230 1755
385 1534
1468 989
1225 540
205 1843
1112 1987
1835 571
449 1189
67 645
1704 1359
1906 1105
665 802
640 638
843 1353
1527 769
677 743
1503 1304
1417 154
1640 1425
713 503
1059 812
16 1945
545 37
1940 984
1966 1055
1584 1830
357 305
1234 1179
348 572
1364 296
1681 1945
1401 851
123 1913
464 1020
1358 882
352 439
117 1411
1942 664
1666 1570
508 930
756 1152
1389 1129
981 1426
436 618
547 1028
46 1385
438 1554
1676 1623
147 713
369 1198
73 409
1622 28
285 1838
873 339
1914 282
880 665
1355 77
128 22
770 502
885 1597
1340 221
1691 1526
1642 130
624 1249
205 890
125 1781
197 1962
668 153
467 1221
1407 1098
897 1466
1875 1918
784 1682
497 1305
37 1605
195 385
446 1170
751 1917
107 627
1376 1720
541 1443
429 1150
1974 1824
1818 804
424 1407
156 366
1587 822
1544 663
1326 736
769 493
290 1994
922 452
1449 1367
1057 886
1861 1960
1625 934
621 647
988 855
770 779
321 1227
1391 703
1579 1700
1144 891
485 1788
199 349
1399 1536
611 643
390 1876
983 998
1070 1969
931 199
44 1274
532 267
1764 419
293 1147
1275 173
768 190
1798 416
616 579
404 1994
1707 723
1231 234
303 175
589 325
1474 1524
1353 1894
1488 601
903 1084
599 14
174 597
929 884
1151 1708
1750 1013
106 899
54 1956
1431 1322
442 372
310 1780
617 1156
1190 710
1514 1942
1670 1965
1856 1736
884 173
1962 1029
520 1077
1550 21
398 1051
1116 891
236 91
1017 401
484 1554
1472 920
367 1220
184 1243
1003 1502
1424 1793
1618 1142
1728 643
578 1119
1268 767
879 1880
608 375
577 1739
1192 87
802 809
1887 1825
1470 79
1000 1411
1402 856
662 827
924 325
1655 57
1877 956
1902 174
1145 1998
1659 611
289 849
1756 86
546 626
1758 1704
122 1308
1538 659
1271 301
1489 219
1727 1499
927 645
761 1958
295 824
746 1388
1063 1709
648 803
485 363
39 1380
401 268
67 665
1219 1552
730 949
1834 1696
1985 1253
833 1574
1086 1307
416 1630
1013 314
955 694
298 1695
1254 1985
280 905
738 138
925 1345
119 968
1251 1465
360 1642
1134 1506
1536 41
1758 345
1365 866
404 1587
1897 233
1360 1192
462 1323
251 65
1712 1888
804 135
1629 1598
875 737
1200 1143
1256 1566
1510 1793
685 360
1819 1640
1655 1883
709 1447
1919 239
209 401
1672 934
1453 1287
1187 1981
1780 595
1396 1165
509 1712
176 1243
467 772
1979 372
62 1237
292 1304
1116 1270
1545 1531
1798 229
1071 1391
342 1902
136 538
1921 1950
542 1975
361 1899
719 1111
1823 1840
1469 1617
1950 719
939 951
1885 1691
1573 1967
1242 1769
266 715
1981 919
727 589
1450 226
216 9
1964 1118
1121 1371
1155 249
1818 217
1021 1169
1321 1193
799 646
281 34
1161 1862
254 1946
541 409
1096 281
1174 1088
1432 807
1275 678
1639 270
1198 619
1671 1328
711 1943
461 1666
1902 1585
1117 1077
1708 695
1076 1374
859 1147
1335 1895
1090 1333
1223 1263
1918 882
1342 1261
1791 1532
306 1826
1721 559
696 1625
1555 827
1917 712
748 839
1785 1094
34 171
623 659
1492 1223
4 1387
79 1970
1646 1430
1120 1155
451 1478
1435 1186
1596 415
1894 627
426 627
1393 1707
1017 347
527 1158
1455 102
372 83
201 576
1442 1934
1199 1681
663 666
1924 420
358 1932
968 1424
1738 224
1554 318
196 148
1489 816
599 411
1338 85
733 797
22 1586
1926 201
339 1479
1023 305
1639 1455
58 1698
812 1444
459 1128
1905 695
1808 53
1095 256
485 61
1555 1046
864 1436
806 2000
244 1686
222 1512
33 969
1235 428
1873 1580
921 1467
73 1293
537 1274
531 600
1978 1368
535 1620
1302 1735
1259 842
639 205
1449 349
1922 594
966 428
482 471
1534 1687
1751 99
1955 1820
1765 217
1583 1616
1798 1654
1186 1556
1167 476
344 1177
1113 441
23 1892
365 1599
69 1409
1283 677
576 1185
1686 87
899 657
159 1983
753 825
1181 493
734 1455
341 112
617 1117
1209 1692
433 1232
1806 1068
345 1147
1378 969
280 1369
1410 1854
1372 1890
1377 1631
1146 1658
1766 37
1947 1990
1250 1796
1614 1575
1993 589
365 1780
1559 200
327 1232
1536 452
1914 1637
382 472
125 1780
449 1384
1706 1196
1106 124
767 309
1181 1919
959 638
28 929
541 1
1659 587
650 1999
870 1987
1049 1847
1793 1375
1687 1590
461 978
1840 1956
266 542
1389 682
1088 1169
1535 155
289 1739
1749 1226
927 815
815 1740
298 157
1374 868
1239 537
525 1388
1541 1853
1191 712
1030 1286
474 1579
894 1864
1302 1109
52 1633
1100 1312
1252 568
610 310
1329 1117
1735 536
1191 747
204 1592
683 1667
356 845
206 343
1174 619
880 1803
1153 544
594 1235
1080 1265
1108 772
653 101
574 595
1805 131
998 669
841 1646
662 188
952 1048
1763 1729
1241 1217
1960 1307
0 1752
1162 1879
984 1550
620 568
1175 1980
696 65
459 1465
603 1324
1058 1990
1223 263
357 1365
1003 506
1141 1991
272 1974
490 530
489 450
280 1100
1630 1379
596 1958
84 1179
468 186
1601 937
921 246
1355 18
1539 1920
1589 310
1993 138
1600 1909
1067 1721
936 452
720 1769
1438 1117
1851 440
1324 1962
570 787
1937 1515
1607 132
546 906
1984 1619
840 51
439 1465
1542 1043
1114 1142
1905 542
1923 1945
1716 1742
441 1446
1746 264
954 355
1673 366
1180 593
27 1951
1609 1270
1953 804
1571 619
176 258
1567 838
1473 175
1167 1018
1620 1357
441 1548
882 1356
235 1169
1897 587
997 458
664 386
1554 685
75 273
161 221
634 1534
1128 52
1189 1857
1914 1725
1830 1029
149 658
241 1473
1563 1659
1417 975
351 671
1751 1259
1637 1946
1486 618
106 1869
837 1094
1087 576
105 1781
799 1659
1526 607
1945 230
400 1780
21 1529
1367 1498
1111 263
519 286
11 1374
263 98
823 1727
978 1899
1860 1630
557 1373
52 1831
947 575
75 1696
1401 374
1273 1375
737 1913
457 1919
59 1734
188 1556
929 1265
1855 1250
278 719
355 336
1512 783
959 1000
569 1136
357 33
238 1052
1581 368
115 1374
1831 705
389 1820
985 91
146 832
435 487
35 259
446 1412
1169 155
1973 1605
1833 1713
1073 1302
494 269
366 1362
371 1327
44 213
1720 1797
827 1763
1000 719
341 1985
523 1113
824 354
953 834
511 469
1429 482
122 572
1529 633
162 1346
1866 36
55 878
1488 1972
1877 765
1988 1520
1818 335
1115 520
342 870
1405 1795
1536 1810
476 1150
1317 1273
1152 554
1309 999
1677 1269
1893 531
1537 555
752 362
1149 1236
620 896
1760 359
251 278
1716 332
286 303
0 609
1540 1848
784 122
1856 1862
1000 617
187 1615
298 954
1891 122
611 1662
1365 584
767 149
1171 835
1147 310
1834 490
1140 1129
1999 1503
272 577
1502 600
1639 1129
1806 350
1371 916
962 1384
855 394
229 1225
437 1033
315 1430
1834 546
1504 1863
802 1515
466 1432
498 1016
323 1753
1960 863
742 1742
30 322
856 498
825 237
1562 1169
907 440
913 1517
1515 1775
1508 1727
705 89
1485 1682
1587 358
1809 406
1692 1150
287 1111
41 1487
1058 613
771 128
276 1729
1423 1296
1627 469
534 1333
1764 1900
753 865
1557 979
1365 1617
1241 82
580 537
346 548
1684 857
1089 813
107 632
790 1132
1895 607
1066 826
1724 1587
1197 1532
1396 258
854 1745
984 493
1511 870
1154 1547
441 1284
348 681
1340 514
217 1248
1945 870
893 623
154 1837
803 1526
683 1201
1848 303
630 1223
1943 179
235 1020
514 1980
1796 1384
1970 80
1134 849
418 306
312 1645
24 1639
1335 1481
463 1261
1524 142
469 245
1418 1432
3 501
1285 916
1481 3
1478 803
301 1114
65 1151
1586 353
407 1928
455 1076
236 1442
371 1359
1762 1414
915 1354
1834 175
855 847
1499 1851
1620 1373
896 1562
778 1147
1461 1686
1337 321
1506 1523
1482 1630
1754 65
255 923
1451 164
1397 894
360 324
1674 115
1070 1857
658 616
1188 1400
464 926
491 63
1840 1958
545 1145
1987 1673
1802 1810
976 1124
411 789
393 1737
1158 430
401 1255
1451 174
275 1534
66 1514
1602 1205
635 1242
1857 1759
1536 1773
794 1567
1080 1424
1174 829
839 432
201 1287
496 300
537 1083
201 416
1217 678
107 111
56 1245
1457 61
1002 1003
847 1739
827 69
1448 1694
1969 517
644 637
797 447
1301 1071
800 849
161 74
1578 1165
106 404
854 227
98 1471
113 1118
1943 895
924 1116
775 60
331 480
1835 322
1848 819
759 232
1249 989
1192 321
297 471
434 1569
930 745
1336 915
1697 1412
1840 491
1604 1095
1542 859
176 761
1349 938
431 383
519 1506
1448 1590
550 1562
1792 1373
1606 1098
1832 1971
334 558
1473 1489
615 572
969 7
83 285
1324 465
1867 298
59 94
1390 92
1194 1070
1260 1074
1130 1110
254 1246
1878 1904
1704 504
945 1399
1440 617
1402 935
1492 1981
1749 1274
1551 495
870 239
1836 1722
494 175
1561 1919
1421 1762
914 1284
779 702
269 787
283 190
761 568
579 1931
1434 517
845 1403
396 267
416 1839
1321 1938
1976 127
49 378
936 631
652 232
1568 875
764 1262
519 591
612 1301
1018 692
1603 146
1691 676
469 1815
1052 888
1685 1296
1037 1193
89 1714
1927 387
1703 1904
986 1353
1318 1870
1905 503
1732 459
1306 1036
1619 806
1357 1351
621 1080
1429 438
532 1888
1663 1215
71 602
856 291
436 9
256 1731
908 181
1258 1635
1039 145
1442 624
1522 647
1914 1774
69 637
1123 1400
943 1228
1245 1883
868 961
412 1407
1966 1869
429 700
1185 1309
1111 450
641 649
593 1511
180 1400
472 632
768 1170
1386 437
1609 1739
1928 298
847 1821
104 662
997 687
1828 74
835 1551
1053 1205
990 393
1430 897
1776 1862
1802 1342
544 858
75 1833
1283 1033
992 669
1383 597
988 1791
1330 1040
450 499
373 1076
293 1330
1806 1331
871 1308
1148 1979
338 1842
1249 171
164 5
532 1969
109 1249
844 583
794 1597
796 1866
1098 296
443 75
321 168
76 1865
476 1435
20 616
452 1497
20 884
1560 979
1209 1065
413 71
1821 982
584 573
89 351
1418 1476
1318 149
1450 1064
1486 418
622 58
287 1695
351 826
1013 75
1200 388
1849 1937
1656 470
760 150
1975 910
1155 899
247 202
1530 1562
1214 491
1222 345
683 485
1062 977
1620 512
323 1992
570 1906
1655 1034
1975 1218
1053 1596
1486 786
599 711
1572 846
1785 1680
687 19
1738 121
1001 966
805 403
41 1859
331 217
873 532
139 1758
1597 431
469 765
1045 834
1879 235
977 1405
33 1810
1209 546
660 1485
1707 119
1942 2
318 191
513 1267
1351 797
402 1566
380 1754
1908 377
557 995
346 1622
237 1026
1889 326
1976 338
1363 8
461 1823
50 913
587 306
1342 659
1597 1646
653 1925
359 1350
236 1114
1875 1094
293 1777
1803 53
1144 855
716 1135
341 1858
437 1482
880 1050
1405 307
1221 1215
601 1194
415 29
429 685
1047 899
894 762
45 1795
1351 998
1139 1741
1207 446
352 1859
1900 1626
1090 1934
147 1009
405 1343
1351 734
1792 1434
1726 1497
871 1347
102 1320
1857 701
349 1845
423 1170
273 1639
1844 1655
1747 1958
641 1656
1826 1436
396 1447
1947 1799
483 1528
136 967
986 1955
790 1621
1877 1059
323 1956
209 103
444 1847
564 1354
1103 1782
1634 1186
1134 1611
763 1722
1013 771
1208 826
1288 1887
944 1585
572 255
359 538
1970 1125
890 1266
935 801
1027 1612
795 1613
752 558
748 1784
1529 1589
1151 997
1425 789
1989 477
728 1172
658 1232
520 963
893 735
514 223
1635 1945
1678 1415
1157 1714
806 446
19 55
126 858
1667 1848
1569 785
26 1337
172 156
471 755
929 1613
1959 121
493 484
1173 545
1489 169
193 1686
345 1420
1480 488
1484 1221
1418 488
1681 232
994 1936
1346 764
1902 876
179 1660
559 1421
303 99
343 365
244 1367
322 1834
291 1042
1157 754
1886 154
1999 736
1494 1225
162 107
1461 987
1797 1699
1533 834
809 1894
912 1542
191 984
79 1203
1675 698
787 1221
1784 108
1936 173
1361 148
923 969
541 1271
1891 1298
392 1543
1383 351
570 512
6 1899
31 591
1872 1868
3 1235
276 1225
655 1053
619 517
571 575
484 889
394 1819
2000 1773
252 10
1311 71
1737 139
1024 1069
813 724
102 798
664 428
900 1686
1533 956
510 981
1786 1551
1640 773
949 530
1950 1448
1389 1736
129 1045
328 35
209 496
1283 263
542 467
634 1667
1882 761
307 748
1308 1806
935 680
1782 274
1199 1945
1130 78
67 69
652 323
1977 1027
1717 1855
1557 1428
1578 844
317 1476
1490 669
11 171
1111 156
480 1769
730 493
1236 1556
1296 607
1534 1730
1915 1623
1516 49
960 1897
1493 783
1296 824
1115 565
1085 1617
1582 155
1482 1792
428 833
635 1620
951 1467
118 933
1228 285
165 1277
129 987
1139 1545
930 1276
89 1623
1523 1625
482 76
938 742
628 1491
1368 1390
594 1552
1528 867
1896 80
1438 887
137 1841
818 1426
934 1043
1020 1929
103 1453
571 1165
509 830
539 362
1863 1351
1550 1802
374 804
824 1957
1789 1287
712 1425
1045 339
749 1082
378 932
1103 499
38 272
1600 1795
772 1897
988 464
1384 1570
752 1048
950 432
887 1476
563 1807
431 327
618 1632
1683 278
787 1005
1344 929
777 1984
732 1274
528 855
1183 1674
1686 1572
412 74
1483 1556
516 1378
1715 1190
1521 1947
169 380
804 1728
1713 310
1402 1817
472 786
1011 463
174 1013
1768 980
45 684
1312 341
454 1868
1764 872
1132 1709
1123 1154
1425 1904
1667 1131
1291 46
1114 1614
1826 1797
1981 1112
17 739
672 842
1438 986
1644 138
1591 857
1137 1684
737 833
1069 1556
1973 1086
1445 520
1683 460
1529 1002
1363 1721
1350 1272
1824 500
470 636
1758 72
1189 246
1135 1510
1539 463
1336 1261
1979 597
804 1856
6 1623
232 42
578 1813
573 229
114 1652
486 186
1079 1434
871 72
698 1698
914 942
1608 1372
503 1196
1165 1483
1349 79
962 932
1857 997
1788 207
880 385
691 0
555 1446
551 1069
1013 1581
161 799
661 1735
540 844
455 331
1191 1283
993 579
602 897
75 1832
1971 1674
41 119
81 1974
345 1823
23 1274
1210 286
52 1478
1176 956
374 454
292 786
654 1834
1224 1272
1287 717
1433 1142
995 1268
1684 1281
218 1990
1739 369
1915 1750
1118 1643
358 274
879 1
1146 1177
542 449
726 582
1415 1423
791 453
1537 75
1908 775
389 1554
1652 311
426 146
1910 1354
955 1741
1794 1519
1154 534
339 1590
1114 1743
909 659
180 1687
1305 1371
1257 13
1711 963
1577 246
404 1005
1 1450
1883 1509
1195 349
533 319
250 1906
418 1424
1412 1751
227 564
1078 998
1785 262
1956 1494
544 1788
1733 75
467 1591
1155 1726
1633 1619
383 1856
1376 1520
897 839
1665 1932
947 930
1849 244
38 1579
270 1160
208 67
250 435
1268 1225
296 655
8 449
1831 1077
1111 1609
1193 473
754 1386
1812 1479
355 118
823 1363
685 1236
446 1126
1131 135
1711 98
1041 1243
1179 1276
567 1975
1922 160
1721 1381
1164 1460
566 21
270 1000
209 146
1575 343
1959 788
732 117
1365 294
958 640
1641 1026
90 122
232 723
62 1947
1130 722
796 746
658 961
998 1772
1511 1609
1481 95
1768 1684
1097 422
695 690
475 1042
1227 668
132 1966
743 1643
583 647
1549 1312
152 993
24 136
1740 267
1308 1748
543 1442
1789 1662
1960 1775
1956 1719
516 123
112 299
563 1421
606 724
1353 1379
350 1313
187 1600
865 964
1531 627
1376 119
915 807
1713 1101
1052 604
556 501
527 1953
1440 1912
1710 1051
826 1302
305 674
350 1445
1750 1900
1905 546
1804 868
1626 396
1425 635
1753 98
856 396
304 1559
80 569
1724 974
1978 48
118 260
1350 84
510 626
74 664
1585 729
610 1433
1148 63
290 1275
1587 1016
735 472
1060 1114
238 1043
1964 70
762 1973
596 1763
1902 317
1715 1025
1895 925
213 1276
555 1278
1913 534
36 1650
1511 718
1279 916
998 1647
1223 437
1793 1484
877 1447
1153 1186
254 1636
1804 1973
589 484
368 114
1581 1120
1704 605
1652 190
1542 609
164 1520
793 767
527 288
337 1855
266 821
1178 1827
26 1386
993 115
609 818
1627 942
1412 1180
83 1018
253 747
744 1421
1400 1030
241 353
1128 1735
1440 1993
1743 1621
361 143
1747 335
1188 1910
465 1373
1138 1491
928 787
340 1090
1808 1771
120 1846
1415 1818
1904 158
866 1573
1243 194
127 580
180 1797
1535 663
578 1278
1043 1796
1337 148
147 1484
1923 1493
474 889
1762 553
1326 639
92 546
1250 1907
1993 1676
1853 1039
1604 484
1979 731
525 1393
653 166
10 492
924 1216
71 866
1040 80
527 933
1955 1292
1100 333
1374 483
1098 21
1915 390
1082 893
1625 1393
605 1479
368 459
1787 440
385 600
1850 1121
1670 624
1840 1784
285 1398
1370 234
140 1034
175 966
521 1584
246 1097
1508 1367
1461 1790
844 1860
1801 1713
429 1156
1634 194
1518 1462
969 1518
1474 1483
688 81
1002 957
401 1347
187 136
479 120
1113 1240
8 1661
1513 182
1762 428
672 948
498 1489
1695 1784
987 1769
849 1415
789 278
1995 508
1296 542
1245 48
1031 147
1952 268
1632 1262
1502 1168
1349 482
1899 1453
958 414
1648 85
888 1313
194 275
147 584
348 688
1493 774
828 1608
673 1890
320 1251
1090 16
248 1434
1076 1009
1359 468
1805 1625
1330 1940
95 1835
752 307
849 1161
1429 82
1580 1629
1557 1145
119 1624
1240 1236
1223 724
1386 828
1323 887
1980 1293
111 577
208 46
1535 724
1438 1129
1099 1006
831 596
1834 1399
515 1542
351 174
1337 1420
565 532
1128 1044
517 524
1893 1842
1238 998
1560 135
346 290
781 955
943 1979
1755 695
955 994
396 1975
966 1878
839 1563
1567 1509
794 1890
442 632
1458 476
320 1484
1772 387
1605 986
1333 532
1146 1919
1662 1617
1952 905
1183 1010
631 31
1296 1761
1325 656
640 1759
1234 186
622 1596
1040 1333
1175 1963
197 370
485 956
1485 444
918 629
100 1273
263 542
632 565
1195 1946
1266 768
1650 475
1451 1375
569 1478
598 1451
1057 1324
60 1615
1777 178
543 958
87 794
784 1848
603 1294
222 514
940 129
1341 892
966 1101
489 1206
1962 557
1443 1847
1247 1193
1284 1714
126 79
426 682
440 1413
315 1060
217 1472
1961 1762
1494 1433
948 37
1908 1810
999 218
1828 1015
629 519
530 488
1621 885
850 860
1435 826
1513 1518
1971 1019
1204 336
242 1253
519 1853
1500 275
342 1545
1428 1902
132 1544
1507 1886
690 129
990 162
327 79
1996 1579
424 1520
1557 315
1433 1163
1278 2
1073 1798
431 765
1986 1629
1334 741
841 573
524 1474
1620 657
707 411
1413 941
758 1385
1018 1289
1492 1091
737 1972
946 190
1775 1741
569 1581
1719 975
1957 1480
1029 801
1573 1049
1936 1851
202 822
323 258
1019 1799
769 1411
741 411
1018 1081
1290 1006
645 228
1149 1418
536 1404
1232 440
533 375
1343 747
164 486
1015 1503
1032 585
1694 1532
1467 323
450 1411
119 1544
296 1319
204 418
1737 969
1177 1767
1501 1669
1230 688
643 1628
1702 1517
1210 1883
1968 1246
1573 424
409 568
983 1813
191 1996
1503 1494
1037 1990
1131 231
1558 874
1606 1885
430 83
1218 569
1540 1832
1090 1661
648 1489
216 1915
1052 440
377 1415
1656 92
1475 616
1019 1775
916 342
491 1245
1797 748
116 1792
270 1740
472 833
252 540
889 969
673 1198
531 661
1601 413
1344 1870
651 183
56 1639
659 705
864 1188
3 1041
1974 804
1655 1088
1590 957
206 516
1982 1343
1278 1699
1399 1969
1167 773
133 1084
1142 678
1230 120
43 132
256 502
1564 106
1131 1795
897 153
374 1278
208 1936
987 1454
996 612
1757 1754
1416 1443
170 65
1158 285
382 1190
113 1755
877 191
427 207
850 613
1692 910
1027 1027
211 172
1545 1186
942 373
1908 1780
1207 125
1152 1574
1693 1073
553 237
1148 1569
642 1499
1647 1063
816 529
1304 1088
1568 748
1170 723
1420 769
1133 501
550 317
190 1611
1712 1900
1299 1549
493 1827
1010 132
1401 931
119 460
1661 1623
935 1203
879 1984
1776 1827
1899 1149
903 798
1621 559
1593 1693
353 414
1675 1184
1745 489
1494 1772
623 1514
920 1272
642 1748
360 650
1649 1747
557 622
1665 1610
441 377
179 605
1622 1297
1038 241
831 1560
1936 794
1187 697
1857 1894
1445 1190
726 1579
165 602
322 71
1761 1458
295 1179
1643 1842
734 408
1277 394
1480 54
1582 1443
434 1769
1199 412
805 424
1969 1179
844 20
275 1025
513 1694
52 44
354 1942
679 354
1356 407
314 911
278 212
1613 1127
734 378
985 960
638 704
452 1742
290 1655
1843 1526
644 1981
900 1648
509 868
599 161
785 1175
98 1000
1430 724
76 666
391 832
127 276
770 159
692 1831
1680 1056
186 315
489 1394
514 710
854 1521
174 502
1687 1306
954 313
386 1759
1645 1505
1768 599
1292 714
348 1555
152 800
363 691
1281 1039
1291 1063
451 1655
1792 1328
1443 1738
561 409
213 380
1185 1266
1463 1114
1905 473
955 1636
699 1004
1679 1120
175 1831
338 1440
1722 1694
1904 1310
873 1007
1100 725
887 1014
968 978
1314 1742
39 440
1258 1693
1680 161
1483 1441
1958 1208
1143 706
1750 1273
1570 254
1281 822
1391 425
1675 1872
716 207
559 51
835 1078
1461 1381
44 1003
480 241
186 1461
1105 898
1201 1030
232 1372
1901 387
815 939
1202 1998
798 1172
1266 123
1870 664
1513 1940
1312 315
251 32
1543 980
1742 1179
910 566
1113 1881
564 1681
675 723
1767 1695
540 98
398 819
1725 1740
1496 1329
201 1027
875 629
1260 173
1189 127
1045 1639
283 496
1256 1398
761 1645
548 260
1168 875
412 934
492 1542
402 1879
315 1232
1386 1596
489 192
1038 730
1428 574
1512 1955
1965 264
513 27
1478 363
507 1336
1203 394
298 1510
775 1557
572 1776
1412 1692
1311 830
1712 1689
265 1162
1726 580
1882 467
1811 303
1327 211
1150 1802
608 757
1991 1287
461 451
1287 203
1263 1152
1863 648
860 471
1855 88
1811 106
1278 569
11 1214
1493 1340
1513 1992
413 496
1711 314
709 1192
1937 38
338 1738
1827 100
432 1479
989 1478
32 1745
653 992
1674 336
1284 1596
1981 937
464 219
1175 1738
1176 1042
44 202
1617 841
1242 1845
549 620
1235 539
485 1032
1992 503
260 1072
606 18
1740 1891
776 1737
1184 1486
532 1059
754 1336
967 801
399 1236
871 144
1025 200
1710 1009
599 958
1716 1600
853 1400
337 745
966 1660
1179 1375
1526 807
1436 436
1315 229
1459 1969
1986 64
674 677
1625 1881
901 247
1619 994
154 809
273 2
612 1796
149 1510
1827 800
1669 1868
1196 276
1748 315
928 15
498 1565
780 568
1128 845
970 102
1764 1779
1427 4
1751 1498
815 787
1012 1959
1720 1413
